6 0.5554192640494521 0.846641482012432 0.35431551088459123 0.27389568817039456
6 0.5428001798438833 0.5749120312266436 0.2500570860196675 0.32597826488719617
6 0.537214834838541 0.37015175661953775 0.1413740228654909 0.11734166542531543
6 0.533432581210344 0.2842506439230907 0.0976860210513923 0.0724080010334573
6 0.5307961653310949 0.23116203122664364 0.07671875662342202 0.05271193114108117
6 0.1370412862819707 0.8543899394132488 0.22385668456838861 0.29043887117350237
6 0.19918164381636655 0.7067293813076969 0.3682441239461006 0.5834162373846062
6 0.3224554195922642 0.44979867700725196 0.19950152531256152 0.2854046147633616
6 0.379491614875608 0.33524171733012353 0.1279042891075596 0.1783326693542569
6 0.4102852578893663 0.27590095058090053 0.09531747840045365 0.1385959272121397
6 0.4299603516287641 0.23429349338497146 0.07474951805616747 0.10799874462331652
6 0.10221733066218985 0.5070076712162838 0.1790079760382009 0.3016096575674325
6 0.18607892077339053 0.37633340591480274 0.19166668874473985 0.172722678245597
6 0.2607217675080132 0.2953873128630628 0.13831351025161903 0.1413784789075508
6 0.31290926088459126 0.24365783891791076 0.10095735399101677 0.0990796629441161
10 0.07435768157316372 0.3142401284122128 0.13082839246560415 0.15038960587202155
10 0.1516543023544035 0.26447126075336697 0.11452134618646848 0.13013060980096292
10 0.21058286905195925 0.22651318837979145 0.09290924101432534 0.11430440260503386
1 0.29192214908902614 0.18046863420318102 0.07083334437236992 0.08519694540910479
3 0.920308824154602 0.787369065967944 0.15938235169079604 0.3483219917278323
3 0.8482887772114779 0.6060698701445544 0.22294151451278807 0.35357457195929065
3 0.7772173306621898 0.4755690409465533 0.1412599501774853 0.22575347890755088
3 0.7341096822061359 0.40636743073130555 0.10999010280989055 0.17905826137253947
3 0.7071999526245559 0.3528443244449993 0.10019595135861152 0.14428300103345731
3 0.7026339597961322 0.19968293714144641 0.06919892250267097 0.10540028349844599
10 0.9650868305773719 0.14129027854055648 0.06772570253973811 0.06321278349844599
10 0.9224628209587251 0.1307551929324146 0.05713294292109126 0.05023974855225797
4 0.9406045717287357 0.537839946861356 0.11879085654252855 0.18680014081820956
4 0.8694569051642939 0.40554117721664895 0.15055804990733285 0.11230956306795062
4 0.7915650289407585 0.3262218583577301 0.11188493030721958 0.07696922249741008
4 0.7426711719545169 0.27059259657090584 0.08059772477225664 0.052112617658845825
4 0.9408581900106843 0.3662196579862266 0.10732640507947586 0.12511562406898663
4 0.853918696001134 0.29671198676994287 0.0700793762235353 0.08594180810555185
2 0.9453007342538647 0.2725595492187209 0.10939853149227048 0.1921768455329393
2 0.871557574586922 0.21920341687756667 0.10636410580511538 0.14223034946188076
2 0.8109821731356431 0.18759385194758932 0.07114336841898705 0.11641055810555186