6 0.41386866987125925 0.8714552808397962 0.3699347136295394 0.2536123759724539
6 0.4360050218684012 0.599562100121637 0.26703894259431743 0.32329764119596016
6 0.44908344811907364 0.39019619048071663 0.14781977698730664 0.11487608713762576
6 0.45603792448596164 0.30191039530117675 0.10173709864294729 0.07009485226293624
6 0.4605340363704607 0.248780850121637 0.08011347091900642 0.0512266775949012
6 0.8357818746987222 0.8572866790678392 0.22704237328446553 0.2762090177575892
6 0.7773023752029253 0.7108116548673424 0.38508337429287176 0.5707589693565958
6 0.6659870888324647 0.4599991094914109 0.21347154618094316 0.2831584545258726
6 0.6114631158197714 0.3463002238545956 0.13734645273377594 0.17728972872636942
6 0.5820212702789173 0.28712066657480734 0.10180243664223276 0.1380363311856975
6 0.5638229273359532 0.24583713642238222 0.08014060409082883 0.10745395169720222
6 0.8837483892007818 0.506369073681645 0.18191554358305312 0.3009363069852006
6 0.8083873923028749 0.3779537030719443 0.2015892691936365 0.16907322862817348
6 0.7350534351296234 0.298725266205465 0.1456070669640635 0.13907211123992677
6 0.683081025726799 0.24904797395279146 0.1067741599070274 0.09745678298109554
10 0.9194448606239913 0.30858555865453036 0.127512630826034 0.14833802693097126
10 0.8469960602556743 0.2613701910698918 0.12140474245843151 0.12799825585373242
10 0.7877903050598941 0.2257917602535367 0.099273016343645 0.11303178600615764
1 0.7072012227605917 0.18330934446429623 0.07543132475773362 0.084779520979043
3 0.06486805072188132 0.8315176447120016 0.12973610144376263 0.3369601653964569
3 0.12262558288037997 0.647460286398941 0.2402086448238904 0.3528169695529872
3 0.20010000887895094 0.5111273557789777 0.15245228268728983 0.22579540641946655
3 0.24664150913105248 0.43744896126336785 0.11870571337743777 0.17874314441741407
3 0.276301511981044 0.3818302203385541 0.10765359889504875 0.14353689744247616
3 0.28571970666904845 0.2248080606976338 0.0745079631253363 0.10507838544042354
10 0.027636277006525305 0.17871535245932804 0.05527255401305061 0.062100545081343925
10 0.06414499145002522 0.16596536758463856 0.05969171027534466 0.04954600292686626
4 0.046853948623276735 0.5840022952777357 0.09370789724655347 0.18512040944452862
4 0.10792321655640551 0.444503458041914 0.15753898441265973 0.10868517447164336
4 0.19044042163597008 0.35890178044701276 0.11685400025210155 0.07408746067419267
4 0.242248576095116 0.29924952449508446 0.08396509059717552 0.050468153492600365
4 0.046688446214462845 0.4074352500981959 0.09337689242892569 0.12405109923787414
4 0.12750873290005044 0.33193528034881686 0.0746500747577337 0.08477497579950324
2 0.0470802276850517 0.31296308743221335 0.0941604553701034 0.1920425751355733
2 0.1126592650831372 0.2539284550168519 0.11373970792955616 0.14122950887879462
2 0.17527387956552626 0.21842222619228666 0.07683528763096836 0.11602497579950324