6 0.5234375 0.8703125 0.34140625 0.25859375
6 0.52109375 0.5984375 0.23671875 0.31171875
6 0.521875 0.396875 0.1359375 0.11015625
6 0.521875 0.3109375 0.09453125 0.0671875
6 0.52109375 0.259375 0.07421875 0.04921875
6 0.1078125 0.85859375 0.215625 0.2828125
6 0.175 0.7140625 0.34921875 0.56171875
6 0.3078125 0.46484375 0.1875 0.2734375
6 0.36796875 0.3546875 0.12109375 0.17109375
6 0.4 0.29765625 0.0890625 0.1328125
6 0.42109375 0.25703125 0.0703125 0.103125
6 0.0859375 0.51171875 0.17109375 0.290625
6 0.175 0.38671875 0.18359375 0.1625
6 0.2515625 0.309375 0.13203125 0.134375
6 0.3046875 0.2609375 0.096875 0.09375
10 0.06484375 0.3203125 0.12890625 0.14296875
10 0.1453125 0.27421875 0.109375 0.1234375
10 0.2046875 0.2390625 0.08828125 0.10859375
1 0.2859375 0.19765625 0.0671875 0.08125
3 0.90703125 0.8296875 0.1859375 0.340625
3 0.82109375 0.64375 0.20859375 0.340625
3 0.75546875 0.51171875 0.13203125 0.2171875
3 0.715625 0.44140625 0.103125 0.17265625
3 0.690625 0.38671875 0.09453125 0.13828125
3 0.69140625 0.2359375 0.065625 0.1015625
10 0.953125 0.18984375 0.06484375 0.06015625
10 0.9109375 0.17734375 0.0546875 0.04765625
4 0.9296875 0.58203125 0.140625 0.178125
4 0.84921875 0.446875 0.1453125 0.10390625
4 0.775 0.36484375 0.10859375 0.07109375
4 0.72890625 0.30703125 0.078125 0.0484375
4 0.92109375 0.4109375 0.10234375 0.11953125
4 0.83828125 0.33828125 0.06640625 0.08203125
2 0.93828125 0.31875 0.1234375 0.184375
2 0.8578125 0.2625 0.10078125 0.1359375
2 0.79921875 0.228125 0.06640625 0.1125