8 0.5096174844895344 0.6542133563273707 0.29190681068300267 0.637135355923629
3 0.1250542018076139 0.7869174716923688 0.2501084036152278 0.4261650566152625
3 0.2212269738458726 0.6507438883910329 0.3250585282478144 0.48633651501423836
3 0.34630837336133996 0.4839712199649326 0.22136580967459646 0.34251260267721795
3 0.41858720096906527 0.34521841152294624 0.15915575075630456 0.22282166558343128
3 0.9313771420507735 0.4730641367628846 0.09445374841051617 0.3129869695611909
3 0.9114302648310357 0.3444345762923033 0.14829466041123068 0.24604097727182853
3 0.8461544621169301 0.204062946422687 0.1089975776077253 0.1415756197233466
3 0.8871347411979237 0.25562149228277165 0.12976889951546725 0.1708091521907507
10 0.06353593615724824 0.5755687901780419 0.1270718723144965 0.36129383035608365
10 0.12484291878597849 0.41831144358660843 0.24836571622742937 0.23764387053412542
10 0.2405550361183591 0.32959559131313226 0.18164275595208473 0.1873205422066368
1 0.04432799773645553 0.24852900324641086 0.08865599547291106 0.1837631197233466
1 0.1608178956570696 0.1834961128234877 0.15893187563025385 0.1861438258918568
6 0.11300882634721757 0.22959381696340309 0.11662976114786483 0.15029210064862308
7 0.6044643528303212 0.2710247552717105 0.14529035668871906 0.09148984496658023
7 0.6108507466458054 0.21325316558013602 0.12490144703379294 0.06772506249917623
7 0.6140903611281944 0.17811055234961115 0.10829310124083733 0.05338982710967279
3 0.7706788507366342 0.10888108562779415 0.10433757475773361 0.08609323295387142
6 0.934473552966207 0.08201639690915433 0.06994614926336595 0.09641707832748878
3 0.49228069912747985 0.10793264569463364 0.07177644703379293 0.06679776217486459
7 0.026863148759162743 0.14350058400953164 0.053726297518325486 0.08075116801906326
7 0.06273531075987727 0.12077219602224046 0.10273686993027067 0.07436084618439623
7 0.11677260073663417 0.09746710957707685 0.08807343639013113 0.0655216343338432
6 0.7722092277042704 0.3107163210172975 0.16211722376899793 0.10895008035608367
6 0.7832017220042872 0.4219811034847016 0.19778692599857095 0.13922396144351587
10 0.7941831446486635 0.48866008887420503 0.22849597661898963 0.16550977191409721