8 0.6304996432595653 0.6457887980528443 0.259613933173657 0.6046229534934595
3 0.2174684560135784 0.7658203125 0.37921270296136067 0.468359375
3 0.36417528041469494 0.625604746376156 0.2928690892119793 0.4673141431919573
3 0.46067406490171975 0.4779003121376698 0.1992718181810801 0.32898535364324066
3 0.5116899310259504 0.3529320051701477 0.14349877374443273 0.21474763939893543
3 0.979162956806548 0.501989711248681 0.041674086386904105 0.2936541472748434
3 0.950317852357306 0.38107143336889393 0.09936429528538789 0.2347094530344175
3 0.8904623049520971 0.24771705730587792 0.09894319029820445 0.13643144970043758
3 0.9343251696059897 0.2979720198831931 0.11756371551297526 0.1651782030344175
10 0.1427263263216805 0.5414058631861384 0.24712946404263714 0.3515617263722767
10 0.24909143373948384 0.4038417034934595 0.2261851209854706 0.23394379167474852
10 0.3462320273624772 0.32775717773970425 0.16521664348670778 0.1838483257634535
1 0.042939931025950374 0.3146682778797871 0.06655449344127931 0.2605865557595742
1 0.1058283553816384 0.2381214954580721 0.17993756275401318 0.1827162604609816
1 0.25563692559888346 0.1873397297062566 0.1440819499091429 0.18134520803538728
6 0.21730476594251652 0.22777354000775868 0.10486231965141819 0.1454716098521585
7 0.6751515654675467 0.295485651237043 0.1332462692218769 0.09333502500484911
7 0.6746292650380054 0.24098946987349476 0.11491234905006031 0.07005702167086927
7 0.6729915219354103 0.20973946987349482 0.09937255823145748 0.055564086973341184
3 0.8100953742648309 0.15403108806060298 0.09471935775648781 0.08552265394280303
6 0.9586623490500603 0.13893173079351837 0.06322037426483114 0.0930642159112951
3 0.5524466485750905 0.13611103805090466 0.06569359905006031 0.06603933030538141
7 0.0952826017635938 0.14080008530635124 0.11478619629109835 0.082493248792052
7 0.15815773801421237 0.12337321136936721 0.09336489767057934 0.0745213810639858
7 0.204626624264831 0.10460710697722053 0.08045546189493055 0.06568851500290948
6 0.8347246393028364 0.3419615227581311 0.1481276407731741 0.11010793682355997
6 0.8573166915413999 0.446489526092111 0.18081066598794493 0.14000260197625067
10 0.8745727905914602 0.5085749379108218 0.20864241689245625 0.16638962985603775