8 0.59375 0.60390625 0.21875 0.55859375
3 0.18046875 0.77109375 0.3609375 0.45703125
3 0.33984375 0.60546875 0.25703125 0.425
3 0.43984375 0.45625 0.17421875 0.29921875
3 0.49453125 0.33359375 0.1265625 0.19453125
3 0.9609375 0.4375 0.078125 0.275
3 0.9359375 0.325 0.128125 0.21484375
3 0.86328125 0.20234375 0.0875 0.1234375
3 0.90234375 0.246875 0.10390625 0.1484375
10 0.12109375 0.54296875 0.2421875 0.31796875
10 0.240625 0.40234375 0.2046875 0.20625
10 0.3375 0.321875 0.14921875 0.16328125
1 0.03671875 0.33359375 0.0734375 0.24453125
1 0.11171875 0.25546875 0.16328125 0.1609375
1 0.2578125 0.19453125 0.128125 0.1625
6 0.21875 0.2359375 0.09375 0.13125
7 0.65390625 0.26484375 0.12265625 0.07890625
7 0.65625 0.21328125 0.10625 0.0578125
7 0.65625 0.1828125 0.0921875 0.0453125
3 0.790625 0.11953125 0.08671875 0.07421875
6 0.9328125 0.09296875 0.05625 0.08359375
3 0.54453125 0.12265625 0.059375 0.0578125
7 0.10703125 0.1625 0.10625 0.06953125
7 0.16796875 0.140625 0.0859375 0.0640625
7 0.21328125 0.11953125 0.07421875 0.05625
6 0.8046875 0.296875 0.1359375 0.09375
6 0.82109375 0.3953125 0.16640625 0.11953125
10 0.834375 0.45390625 0.19140625 0.14296875