8 0.32100931007831585 0.6133515982896638 0.6420186201566317 0.7279843034206724
4 0.6458429900289231 0.7221921101154808 0.08056097539871523 0.07430893330781671
4 0.7172822321451383 0.704451511788636 0.06905977773541672 0.04964451433445607
4 0.7752220187142702 0.6966270829294435 0.05801317496187508 0.044511345361095425
4 0.8253311214878118 0.6899022390512229 0.052326219414791805 0.03491351087441501
4 0.8699169228745827 0.6857439796596829 0.04051655043684051 0.030529758402957085
4 0.9105782904657633 0.6825261377586287 0.0435506314588892 0.026750842395345843
4 0.949695341852534 0.6785907128537689 0.034884146276527875 0.023275673916276673
4 0.9747317094437147 0.6760095409146587 0.01767846248093754 0.021794086958138337
3 0.6360705593674647 0.605513946085036 0.0832339933504862 0.1891526833078167
3 0.7051835820688883 0.6206495147543856 0.06579126700184049 0.14395292984777566
3 0.7586716047703119 0.636421753385679 0.05835932028847228 0.09291701186299797
3 0.8148488695879508 0.6372547415226809 0.061357033719340134 0.0875755958553869
3 0.8654664654276383 0.6422168141463632 0.04687630642076392 0.06903384288963732