8 0.3609375 0.621875 0.609375 0.61953125
4 0.678125 0.73046875 0.06953125 0.0625
4 0.74140625 0.7171875 0.06015625 0.04140625
4 0.7921875 0.7125 0.05 0.0375
4 0.83671875 0.7078125 0.0453125 0.02890625
4 0.87578125 0.70625 0.03515625 0.02578125
4 0.91171875 0.7046875 0.03828125 0.021875
4 0.94609375 0.70234375 0.03046875 0.01953125
4 0.98046875 0.7015625 0.0390625 0.01796875
3 0.66796875 0.6265625 0.06953125 0.16484375
3 0.72890625 0.64296875 0.0546875 0.12421875
3 0.7765625 0.65859375 0.05 0.08046875
3 0.8265625 0.6609375 0.05234375 0.075
3 0.87109375 0.6671875 0.03984375 0.059375