8 0.6788498182610578 0.6639096244555203 0.6423003634778842 0.6693388016611312
4 0.37740421080645825 0.7534391872277602 0.07516686597668398 0.06856832973421945
4 0.312276118274991 0.7352713756921381 0.06413427759440164 0.04609255243632369
4 0.2604176203495835 0.7280608505537104 0.053622830083912554 0.0407542103636029
4 0.21474992283909441 0.7204695936138801 0.048343334233097404 0.032641321714654836
4 0.17472857408384987 0.7155725400978225 0.037109836307689915 0.028034164867109725
4 0.13873187449876836 0.7124883104558879 0.04077928796736385 0.025159488741233103
4 0.1033388261584423 0.7071103955887782 0.03272998962703779 0.02153384099298634
4 0.07124837657336078 0.7042764898209672 0.037358290041956274 0.0210529796419344
3 0.3803497668204542 0.6486713440753054 0.08298121120744355 0.17169332973421944
3 0.31909295810716587 0.6610724120893325 0.06505908278320494 0.13011709901255095
3 0.27189864939387764 0.6743746460502036 0.05693800684847723 0.0845042103636029
3 0.22129499814912218 0.6734641856866006 0.05892655933798814 0.07996690468807692
3 0.17645609482977426 0.6768104287467704 0.04518336805127641 0.06275961829088246