4 0.48671875 0.55234375 0.72421875 0.203125
2 0.2828125 0.3765625 0.2 0.14140625
2 0.71640625 0.41953125 0.22734375 0.153125
2 0.771875 0.834375 0.45625 0.33125
6 0.921875 0.27109375 0.15546875 0.30703125
6 0.56171875 0.2421875 0.5875 0.26484375
6 0.159375 0.20234375 0.31875 0.20390625
6 0.76953125 0.09375 0.4609375 0.084375
6 0.3328125 0.0921875 0.47734375 0.08046875
6 0.071875 0.0859375 0.14375 0.071875
1 0.12109375 0.03671875 0.2421875 0.0734375
1 0.47109375 0.03515625 0.46328125 0.06953125
1 0.84765625 0.028125 0.3046875 0.05625