4 0.4764233899990013 0.5256894810052657 0.7447796919098482 0.2438738257558537
2 0.6930024871987562 0.33753662652813854 0.2106707314429741 0.15357313658930288
2 0.2521730898719444 0.40425597354203385 0.23869702090551304 0.16672491180407362
2 0.20626062137138837 0.8233235560837509 0.41252124274277674 0.3533528878324983
6 0.0701840618952314 0.2633388037089016 0.1403681237904628 0.31863489258219674
6 0.4181074449642071 0.2164207016066236 0.610184155007558 0.2999080625268705
6 0.8275503343985111 0.15368284769532323 0.3330609419098479 0.222296560379164
6 0.2259672954172133 0.0779291689286211 0.4519345908344266 0.10898541214275778
6 0.6589662053463764 0.05298726226870106 0.48754477360693615 0.10597452453740212
6 0.9234382290238997 0.03615666949444799 0.14802724729857672 0.07231333898889598
1 0.8761228842432193 0.014558308458600048 0.24775423151356152 0.029116616917200095
1 0.5231343921357271 0.024415744572933076 0.47248121572854573 0.04883148914586615
1 0.1484375 0.024959056422435125 0.296875 0.04991811284487025