8 0.12451137712039115 0.6117137715995463 0.2490227542407823 0.5123189838427493
3 0.9208966193159849 0.4912077100898323 0.13222622663123929 0.49444445916315977
3 0.8177887359413735 0.5111878825925033 0.1315305597581819 0.41252233656782167
3 0.7196958382987382 0.5239731139881817 0.10967052233079429 0.36184029028868603
3 0.6440772541383384 0.5398734217000628 0.08650269602827727 0.3165724303072194
3 0.5629535326743856 0.5567459523701019 0.10899197208312525 0.26353919954451294
3 0.501052846156621 0.5628074686121707 0.047707715672984465 0.23721974700477516
4 0.9082680709303427 0.7958406463875013 0.11340118217453857 0.17399554990733285
4 0.8046721900369306 0.7760589144436688 0.12012206306795079 0.15083086841898705
4 0.7029299075719418 0.7499726187975051 0.08585407092583353 0.11843503067003916
4 0.41185114330391814 0.7531174992822098 0.278499643299409 0.1852207705032381