8 0.1539690362670056 0.6122973457733484 0.2654841179640936 0.4956884415466968
3 0.9256756669698472 0.5768752035714309 0.1486486660603056 0.4772307333425623
3 0.8193595468609365 0.5841091077980824 0.1305638154179622 0.3975339389258032
3 0.7261555784309677 0.5874763348191232 0.10903815493697096 0.3486761343300113
3 0.6557898705243423 0.5954204403100791 0.0862230102409951 0.3044057001845701
3 0.5800009152485531 0.6037953423772624 0.10665733660582397 0.25434514342931
3 0.5216346784027326 0.6039467342654128 0.04826100768074611 0.22725291486710972
4 0.9397816647849588 0.8679310001476583 0.12043667043008241 0.17076068784606874
4 0.833321149251776 0.8371840430232579 0.11600297355046649 0.1475339389258032
4 0.7332455545416827 0.8027508813953507 0.08375962094786545 0.11511266270764153
4 0.4539297808641594 0.7778465067829468 0.2675955656297237 0.18449012569213802