10 0.40703125 0.86953125 0.5640625 0.2609375
10 0.76171875 0.7578125 0.4765625 0.484375
10 0.34765625 0.05 0.134375 0.08515625
10 0.45625 0.0421875 0.128125 0.084375
10 0.55859375 0.0328125 0.10703125 0.065625
10 0.75078125 0.02421875 0.0671875 0.04765625
7 0.58359375 0.2890625 0.2203125 0.28046875
7 0.7265625 0.2421875 0.14765625 0.24765625
7 0.8453125 0.203125 0.125 0.221875
6 0.375 0.3390625 0.32734375 0.303125
6 0.15 0.42734375 0.29921875 0.378125
6 0.28828125 0.80390625 0.5765625 0.39140625
6 0.675 0.5921875 0.453125 0.25703125
6 0.88203125 0.43671875 0.2359375 0.1796875
1 0.16171875 0.1828125 0.3234375 0.19296875
1 0.059375 0.07109375 0.11875 0.1109375
1 0.2 0.0609375 0.20234375 0.08671875
1 0.4140625 0.146875 0.2078125 0.16328125
1 0.60078125 0.10625 0.184375 0.1265625
1 0.66171875 0.0265625 0.11640625 0.053125
1 0.76015625 0.08046875 0.15625 0.109375
1 0.89140625 0.05703125 0.1375 0.09609375