10 0.6377525634547672 0.8762774111909936 0.6118203893618623 0.2278872515828457
10 0.2590088507717679 0.766944492940371 0.5052544053946335 0.46611101411925804
10 0.6919335086728179 0.03611529438870914 0.14635792667886313 0.07223058877741828
10 0.5739102146721816 0.033293912807092665 0.14000792934436318 0.06658782561418533
10 0.4644170360041361 0.02455273312572362 0.11555282200827222 0.04910546625144724
10 0.2564863573360908 0.017107280483100982 0.0723477146721816 0.034214560966201964
7 0.43946467870781625 0.290440514252272 0.24102717870781626 0.31003554420664753
7 0.28418628536758933 0.24416021080791742 0.1624840080362711 0.27182483887551345
7 0.15635163936186233 0.2056780354976659 0.13715674403245304 0.24297241316955054
6 0.6650919347151342 0.3377999328986059 0.3569339893777707 0.337618638096726
6 0.8733090526833969 0.4254122785045439 0.25338189463320615 0.4160498634861197
6 0.7256408087106003 0.8024330827403213 0.5487183825787995 0.3685289719576744
6 0.344836168085587 0.6206485029695009 0.4922896867043164 0.2915740153728992
6 0.1257032653962244 0.4597805137900536 0.24286130402608969 0.1991889724198929
1 0.8598477146721816 0.16093224135752537 0.2803045706556368 0.21755853919208262
1 0.96879999866725 0.05003264301319567 0.062400002665500054 0.10006528602639134
1 0.8514448686744087 0.04116108269044107 0.21905963001272682 0.08232216538088213
1 0.62048631735359 0.1312149637774183 0.2262641500238626 0.18230534930035475
1 0.41842383068109024 0.09411108353174413 0.20002836668522636 0.14249269154108052
1 0.35184431066995436 0.020019003150729832 0.12634487133990877 0.040038006301459664
1 0.24622156667727224 0.07098713526023906 0.1701226906826811 0.12287887351524958
1 0.10530566534054513 0.05209578746042885 0.1496465586807721 0.1041915749208577