10 0.33146317705754047 0.8680458713755076 0.6304241430985764 0.26390825724898476
10 0.7193401776905126 0.7594703392949433 0.5272718943645206 0.4810593214101132
10 0.29573908593484943 0.029130799658546352 0.14836557813030113 0.029774742441860846
7 0.5487375672457099 0.27319618444998295 0.25296383121034405 0.32411383019564477
7 0.7075967012737936 0.23091545418973974 0.17202136605673424 0.2830697231635294
7 0.8395386712367265 0.19708877158545807 0.14601193756361325 0.25256140036914027
6 0.31714033766412997 0.3131646406515328 0.37177831859647226 0.3558923611941685
6 0.1185422746159758 0.39531010487264706 0.2370845492319516 0.43119514497046946
6 0.2639607739617991 0.79375 0.5279215479235982 0.4125
6 0.6371154986492377 0.6124169756275395 0.5082862482707196 0.31397257633813336
6 0.8634027240544663 0.4554414921280938 0.252132962791357 0.21103283929494338
1 0.13415674519067658 0.1273611412698416 0.26831349038135316 0.22972228253968324
1 0.133020831125526 0.024967326495016956 0.223802087748948 0.04708096082502826
1 0.3665575282229684 0.10883688849206444 0.23485369355406327 0.18498147902362555
1 0.5731721159719163 0.08919142427095018 0.2052182680561673 0.11760421190476242
1 0.7480456303998866 0.0816058690568495 0.1757837392002269 0.07830188001107466
1 0.8931497992743604 0.07446160239941169 0.15120040145127903 0.043987436766334834