3 0.80546875 0.4984375 0.36953125 0.146875
3 0.42734375 0.5 0.37421875 0.1515625
3 0.1171875 0.48515625 0.234375 0.15859375
3 0.33515625 0.3703125 0.1828125 0.08671875
3 0.071875 0.33515625 0.08046875 0.03671875
3 0.2140625 0.3703125 0.06640625 0.04921875
3 0.51796875 0.3734375 0.18203125 0.08125
3 0.36875 0.29609375 0.11796875 0.04296875
3 0.5859375 0.2625 0.05859375 0.04375
3 0.5875 0.30078125 0.0640625 0.03984375
3 0.96171875 0.31640625 0.0765625 0.0546875
3 0.77421875 0.30078125 0.0625 0.046875
3 0.8890625 0.38984375 0.0796875 0.04921875
3 0.96328125 0.39765625 0.0734375 0.0609375
3 0.84453125 0.34140625 0.0703125 0.0484375
4 0.59765625 0.61796875 0.4890625 0.09765625
4 0.91953125 0.61875 0.1609375 0.09296875
4 0.16953125 0.6140625 0.3390625 0.103125
3 0.80234375 0.38984375 0.0953125 0.05078125