3 0.814683576409722 0.5859187271920818 0.3706328471805559 0.1952884164471289
3 0.4258751686558485 0.5515288545243975 0.4197060774304434 0.20038601955740667
3 0.1275333924430513 0.5075869075401387 0.18746753333979888 0.18704881508027746
3 0.3143960504687403 0.402154988171805 0.2060902454580722 0.11111103166842558
3 0.047862383649059634 0.3392771134778704 0.04296862106204611 0.041767126437360955
3 0.182301027589923 0.3898225005656478 0.07627532863839148 0.060194497690925795
3 0.5130886419840094 0.42264101984023056 0.20564383530635127 0.10564228166842557
3 0.34454619395056174 0.3248987125356475 0.131951372729036 0.058084485014259
3 0.5774225957673329 0.30804056908629524 0.06795264560785341 0.0532609925071295
3 0.5824288312234653 0.35036477012305445 0.07310253121376711 0.04983319613578683
3 0.9727354825811945 0.4020398876069426 0.05452903483761098 0.06464755183796278
3 0.7847725812234654 0.3680675543833781 0.07217776000193972 0.057508995099027696
3 0.9184616681968066 0.4759469878424983 0.09111907863839122 0.06149315754013873
3 0.978522968037327 0.49130743916208147 0.04295406392534602 0.07361244872768502
3 0.8649701353160495 0.4192971551845817 0.08083528288075711 0.059042100801203645
4 0.6214901707818804 0.6958529273803693 0.5407043615191484 0.15279670301652679
4 0.9399543532687875 0.7269818075409242 0.12009129346242489 0.1163262119699997
4 0.196171306387794 0.6547639953818516 0.2968108403073211 0.13921549076370318
3 0.8239304181968066 0.46767657511856325 0.10837035151720897 0.06377811894449045