3 0.19453125 0.4966834687254762 0.371875 0.15925795737619808
3 0.575 0.48639420876285333 0.3765625 0.16330059969606622
3 0.88515625 0.46174458359825116 0.2296875 0.16605822367353404
3 0.66796875 0.35400159441880386 0.184375 0.09208351458147632
3 0.93359375 0.31033519629294803 0.08046875 0.03906015149106814
3 0.78984375 0.3496741441022347 0.06640625 0.051932224531463865
3 0.484375 0.36168737694696884 0.18359375 0.08737328252816505
3 0.634375 0.27997907271119143 0.11875 0.04642402210332382
3 0.415625 0.2519690476383668 0.059375 0.045477636051661906
3 0.4140625 0.2910770117449895 0.06484375 0.04251176042484124
3 0.03828125 0.3176361293877443 0.07578125 0.05611125917119999
3 0.2265625 0.2957514545397112 0.0625 0.049474814264907255
3 0.11015625 0.389763530483101 0.08046875 0.05234140149106814
3 0.03671875 0.398931593494367 0.07265625 0.06383283095795464
3 0.15546875 0.33922632139104325 0.07109375 0.050506116851332016
4 0.40390625 0.6101225284380369 0.49296875 0.11278142563945578
4 0.08046875 0.6203148485089318 0.1609375 0.09843280298213627
4 0.83203125 0.5937591132234223 0.3359375 0.11524353292387648
3 0.19765625 0.38643629051223083 0.09609375 0.05357729255729486