6 0.0578125 0.65859375 0.11484375 0.56328125
6 0.49921875 0.52109375 0.896875 0.659375
6 0.90703125 0.3671875 0.1859375 0.3625
10 0.06328125 0.225 0.1265625 0.246875
10 0.25546875 0.2125 0.3015625 0.25546875
10 0.52421875 0.171875 0.26953125 0.196875
10 0.70390625 0.15078125 0.234375 0.1890625
10 0.87734375 0.13828125 0.16484375 0.16015625
10 0.96328125 0.12734375 0.0734375 0.1390625
4 0.2078125 0.34921875 0.41484375 0.153125
4 0.67265625 0.2484375 0.54453125 0.12109375
1 0.8578125 0.04453125 0.284375 0.08828125
3 0.04453125 0.08515625 0.0890625 0.09921875
3 0.19375 0.07890625 0.290625 0.09296875
3 0.46796875 0.06875 0.23984375 0.07890625
3 0.6390625 0.059375 0.203125 0.07578125
10 0.13125 0.02265625 0.2609375 0.04453125
10 0.34765625 0.02109375 0.19921875 0.04140625
10 0.55546875 0.0171875 0.190625 0.034375