6 0.9584482047146121 0.5849912206871315 0.08310359057077576 0.5808972684261111
6 0.5298714552236534 0.4839022146083806 0.9402570895526932 0.749296304949026
6 0.1117175864984458 0.3645908888312039 0.20370036861062144 0.3848807223375922
10 0.9448795402248905 0.14569427483416847 0.11024091955021902 0.26089712672018495
10 0.7651657338303408 0.14888549976365886 0.32062451775153883 0.28623675372319385
10 0.4895582242194024 0.1314019311965287 0.28470030585660827 0.22399103195124948
10 0.3055993040475859 0.12552095249736167 0.24835337008095948 0.2130344081057866
10 0.12842265038411277 0.12924941965115763 0.1764850141334942 0.17719536145162004
10 0.04187099672063965 0.12504922667291674 0.07772328753924254 0.14755779665416652
4 0.8032998196514182 0.282694571771159 0.3934003606971636 0.1903664705941659
4 0.34283038839832514 0.22193733124379694 0.5603753352552504 0.17189801753115636
1 0.14526159034363306 0.04375 0.2905231806872661 0.0875
3 0.9626297446008184 0.027378281137639775 0.07474051079836315 0.05475656227527955
3 0.8205415513340526 0.03383191563351916 0.3002666728853498 0.06766383126703832
3 0.5411030348257091 0.03631094961101892 0.24796718848918217 0.07262189922203784
3 0.36639296189493054 0.03744776368979191 0.2102624706013579 0.07489552737958383
10 0.44933825870642724 0.00161332086458367 0.19551057383528966 0.00322664172916734