6 0.028993971760897026 0.6399031091915837 0.05798794352179405 0.6305874683831674
6 0.4967032114994606 0.5165165854374322 0.9934064229989212 0.7958638379014422
6 0.9100212946637901 0.3750018229420474 0.16804282960104083 0.41331842766703614
10 0.04325867706922149 0.15905362739018097 0.08651735413844298 0.28060725478036197
10 0.2237982688831926 0.15700667334809953 0.35001876865604997 0.3050715383997794
10 0.5235016977614364 0.1370188525562952 0.3100278544771273 0.22542480875784499
10 0.7242386821576041 0.1357729349114083 0.2694913856847917 0.19479657001661196
10 0.9109541101313369 0.1328446013196775 0.17809177973732632 0.15935162091177596
10 0.9857870137948099 0.12588200492802026 0.02842597241038014 0.1264018136950905
4 0.1984607541838715 0.30603565622923645 0.396921508367743 0.19644631245847285
4 0.6849913964273838 0.22653883481912324 0.6125110453411586 0.17317520048911197
3 0.02264601410560878 0.029576878469915156 0.04529202821121756 0.058372506939830315
3 0.161328125 0.033019658388704735 0.32265625 0.06593918722776014
3 0.4664914591813972 0.04321998534514702 0.2669761380596409 0.04280327344038459