6 0.29140625 0.82578125 0.5828125 0.3484375
6 0.68203125 0.69765625 0.54765625 0.53359375
6 0.903125 0.54140625 0.19296875 0.3328125
1 0.6796875 0.465625 0.52265625 0.38671875
1 0.93828125 0.32421875 0.1234375 0.1828125
6 0.06015625 0.61953125 0.1203125 0.3671875
6 0.26953125 0.52578125 0.4859375 0.4
10 0.2109375 0.3265625 0.30390625 0.13359375
10 0.4578125 0.28125 0.225 0.109375
10 0.62734375 0.24453125 0.17890625 0.10078125
10 0.77109375 0.2171875 0.13515625 0.0796875
10 0.87890625 0.1984375 0.10859375 0.06328125
6 0.0484375 0.2796875 0.096875 0.10625
6 0.18359375 0.25546875 0.1984375 0.12109375
6 0.34296875 0.23671875 0.17265625 0.1
6 0.4765625 0.21640625 0.14296875 0.0828125
6 0.58671875 0.2015625 0.12109375 0.0796875
6 0.675 0.18828125 0.103125 0.0734375
6 0.759375 0.175 0.1203125 0.07109375
6 0.83515625 0.16171875 0.11328125 0.0734375
6 0.91796875 0.1484375 0.0703125 0.06171875
6 0.97265625 0.1484375 0.0546875 0.0796875