6 0.331502016112313 0.82734375 0.6477680747135433 0.3453125
6 0.7236253638605896 0.7097980883360308 0.5527492722788206 0.5804038233279385
6 0.9519658566896012 0.56761578368619 0.0960682866207975 0.3861059377564409
1 0.7286187160148743 0.47104323672848925 0.5427625679702514 0.46675103167184256
6 0.06423105808399614 0.6210738453610952 0.11819021005727008 0.4264908572240934
6 0.29032029606936044 0.5225248933073793 0.5623765620623608 0.48207228414330067
10 0.21968798070495277 0.29084912897292325 0.35022836135422625 0.16810399015134933
10 0.5026817466979531 0.25084218878220527 0.2592760973504083 0.13628630437207462
10 0.6975124413589988 0.21739431330650422 0.20681416868236296 0.1239972099995625
10 0.8611931333545446 0.19126684790691534 0.15575110801240868 0.09770928262324477
10 0.9607335073400678 0.17427961916145357 0.07853298531986433 0.07512201680591399
6 0.04562322469763494 0.22987584239534575 0.08735564401654469 0.1253766847906915
6 0.18750164202736236 0.2091070390490354 0.22973404801877187 0.14757663144438116
6 0.3708317626909534 0.19393166110187637 0.1989925780155902 0.12289762501859051
6 0.5236931333545445 0.17751477672892677 0.1651624706794994 0.10121628460041113
6 0.6500556386855446 0.16548430342067247 0.1401261080124085 0.09707261266130081
6 0.7506550753500901 0.15396582467521072 0.11973179201145392 0.08921369171077376
6 0.8473573526814084 0.14306942843926299 0.1392357700111358 0.08766577916320362
6 0.9346704466701133 0.1310097802261489 0.13065910665977326 0.08965936068413449