6 0.7136467513771259 0.8307076056668565 0.5727064972457484 0.30853396646253406
6 0.34700009593651077 0.7171915227002319 0.6192583778991838 0.5656169545995361
6 0.1018634548705853 0.5853034886312936 0.13969893940863387 0.395018022737413
1 0.3219370966854168 0.48697744068500953 0.5994882697140153 0.4760451186299809
6 0.9738233575087285 0.6407869653252268 0.0523532849825429 0.43491085228117754
6 0.7394445892865995 0.5399579302677051 0.5211108214268009 0.4918783656642313
10 0.8239831442851449 0.30314899695988834 0.3520337114297103 0.17151549163422414
10 0.5387745550106682 0.26258364125585076 0.2737400021260319 0.13885288885875494
10 0.33604829667571845 0.22773243327063572 0.21978595470140744 0.12653196098814562
10 0.1654010857653932 0.20176413536153284 0.1662464954580721 0.1002122001137307
10 0.05886417227969244 0.18337357410655702 0.09349465060882316 0.07700285178688593
6 0.9778575723147132 0.24099521235947727 0.044284855370573695 0.12673359634967846
6 0.857444935615612 0.21981257353790334 0.24435539106592544 0.1508926324329643
6 0.6680955221299112 0.2047963630812303 0.2111284318225902 0.12540054250907656
6 0.5099323357653931 0.18772556270066948 0.1750953369733413 0.10368736859279988
6 0.3795593095525961 0.17500933988670678 0.1497764725792548 0.0987624466536896
6 0.2751588519762507 0.1635863616355366 0.1281087666698994 0.09087169220506533
6 0.17544589439990532 0.1519723823957833 0.14822994803344763 0.08935561315559246
6 0.08439045970237725 0.14078948467696079 0.13982751666989943 0.09134919467652329
6 0.0190525021260319 0.12777483152093086 0.023054604851188626 0.0725753369581383