6 0.13984375 0.87421875 0.2796875 0.2515625
6 0.19609375 0.6265625 0.39140625 0.353125
6 0.296875 0.45078125 0.20703125 0.14296875
6 0.34921875 0.37265625 0.13671875 0.0609375
6 0.37578125 0.33515625 0.10703125 0.03203125
6 0.3890625 0.31484375 0.07890625 0.0171875
10 0.046875 0.32578125 0.09375 0.1015625
10 0.128125 0.303125 0.134375 0.06796875
10 0.3203125 0.278125 0.05390625 0.03515625
6 0.34140625 0.26875 0.02578125 0.02265625
6 0.9515625 0.36328125 0.096875 0.0984375
6 0.86328125 0.340625 0.08671875 0.07890625
6 0.79296875 0.32265625 0.0578125 0.0640625
6 0.74375 0.31015625 0.04453125 0.05078125
6 0.7125 0.3015625 0.04375 0.040625
6 0.68125 0.29296875 0.03671875 0.03515625
6 0.659375 0.28828125 0.02734375 0.0328125