7 0.84140625 0.65703125 0.3171875 0.35703125
7 0.58125 0.54453125 0.22265625 0.2671875
7 0.43828125 0.4734375 0.09140625 0.13515625
7 0.37109375 0.4421875 0.05078125 0.08203125
7 0.3359375 0.42890625 0.03203125 0.0671875
7 0.3109375 0.42109375 0.021875 0.05546875
7 0.06484375 0.7296875 0.12890625 0.515625
7 0.0890625 0.5109375 0.13828125 0.1703125
10 0.7296875 0.446875 0.153125 0.09140625
10 0.6109375 0.4328125 0.0890625 0.05859375
10 0.53515625 0.42109375 0.06484375 0.0515625
10 0.484375 0.41328125 0.0453125 0.04140625
10 0.4453125 0.4078125 0.03359375 0.03203125
10 0.415625 0.403125 0.0265625 0.028125
10 0.3921875 0.4 0.02109375 0.02109375
10 0.9390625 0.44140625 0.121875 0.0671875
10 0.8609375 0.43359375 0.03828125 0.05078125
10 0.784375 0.43046875 0.12109375 0.05625