6 0.15012546874382132 0.8968683883272824 0.27137794236879254 0.20623138984733808
6 0.21156398051494416 0.6543506244871179 0.406432601052365 0.42954816752766706
6 0.2962451233734993 0.44450343920213475 0.24510576866768635 0.17705588441013073
6 0.3555871213449044 0.3506141763505535 0.1613971960222404 0.07761961710992508
6 0.3860598254848197 0.30480958642666567 0.1256545649348082 0.042593359695551315
6 0.4012757224005646 0.2807354164647218 0.09254205600635448 0.024068852775469017
10 0.030413797481642486 0.3091375780608897 0.05207278896022584 0.12078734387822054
10 0.09634276055001154 0.2790879807226281 0.15842220048646732 0.08608603311753633
10 0.32005695007943025 0.24104551676873293 0.06400399878218402 0.04398476334587285
6 0.3448660353067779 0.22908934482962265 0.030932400162155815 0.027804006425790638
6 0.9526397034284242 0.28785296631380997 0.09472059314315154 0.0970116042583438
6 0.8748768636342668 0.2708193166178211 0.06849662986961605 0.07773768083635879
6 0.8168189017837136 0.2591124954770136 0.053393781249587845 0.06228909437251211
6 0.7807041237805363 0.2504205863894846 0.052380706168510295 0.04897601087441492
6 0.7438080957773592 0.24176051080005284 0.04447274878218401 0.04318892589344294
6 0.7171365016215578 0.23659284973535746 0.032699451704283254 0.03958642342198502