6 0.1524008223350706 0.922517745219638 0.18427072921687962 0.15491444478589927
6 0.20238512479707463 0.7058623689091912 0.3333684189612055 0.4296815121816177
6 0.23025948047738734 0.4984713710686595 0.2522612585499748 0.1818262006459955
6 0.2848598631450067 0.403941318632336 0.16351047896477802 0.08047564928940609
6 0.3129959348006473 0.35740747763934955 0.12678637512605082 0.04467904919712105
6 0.3262554054675521 0.33379999691768103 0.09282663836760259 0.026170078654485264
10 0.061990809674596505 0.33660932603359167 0.0820801625049176 0.08381259793281667
10 0.24350860744502353 0.29515660394979637 0.06617665705703599 0.04546149676079754
6 0.2677984132612222 0.2833982811554073 0.03232618094224948 0.028515026218161755
6 0.9630730724119452 0.3476649190383881 0.07385385517610957 0.12037066162790717
6 0.8806204773752941 0.327310451116646 0.10722762797604232 0.0986458559523812
6 0.7971688390076916 0.31225475247323536 0.07237738057393237 0.07852432063492074
6 0.738372993214736 0.3018970458102602 0.055714404459146036 0.06267927513842757
6 0.7017252990309347 0.2940437754521946 0.05484031930985207 0.05017927513842757
6 0.6650776048471335 0.286190505094129 0.04580952673520518 0.04337856261535631
6 0.6388593122724865 0.28159264266334283 0.034708135769712455 0.04033390576781102