7 0.159375 0.51015625 0.31796875 0.18359375
7 0.41640625 0.46171875 0.2046875 0.12109375
7 0.578125 0.440625 0.12734375 0.09375
7 0.68515625 0.4234375 0.090625 0.07578125
7 0.7609375 0.41015625 0.0609375 0.0640625
7 0.8140625 0.39921875 0.04609375 0.05078125
7 0.85703125 0.3953125 0.0375 0.04609375
7 0.88984375 0.38828125 0.03125 0.03828125
7 0.91875 0.3828125 0.0265625 0.03359375
10 0.05625 0.4375 0.1125 0.0484375
10 0.2140625 0.42890625 0.175 0.04296875
10 0.375 0.4140625 0.14140625 0.0390625
10 0.5015625 0.40078125 0.1078125 0.0234375
10 0.58984375 0.3921875 0.07109375 0.0265625
10 0.659375 0.384375 0.05859375 0.0265625
10 0.70859375 0.37890625 0.05234375 0.02265625
10 0.75546875 0.37578125 0.0421875 0.02109375
10 0.7921875 0.371875 0.0375 0.0203125