7 0.8551686827542901 0.6142109119196745 0.2896626344914196 0.3832373824054315
7 0.6088319184111379 0.5128375989385188 0.23931799346139612 0.2878186618040736
7 0.45861117440158755 0.4471384350982802 0.09941470135861152 0.14479792288534998
7 0.38871533665263963 0.4179289699239893 0.055317471777031633 0.08789946969684656
7 0.3515327951828274 0.4065720680695385 0.03521330290255768 0.07046963025772471
7 0.32545144482000765 0.3993294561291794 0.02464782513507622 0.05821861374938138
7 0.08733640824433682 0.7303592073723748 0.14123519064365642 0.5384593916776856
7 0.09979173510869357 0.5042946743556881 0.14910716651222128 0.18327392469437243
10 0.7584102777596321 0.40325015773580297 0.16189485399101677 0.1028427962456698
10 0.6352629544386545 0.3956157994134885 0.09428820253973794 0.06498759215265534
10 0.556728726671173 0.3879914071699761 0.06904266587924894 0.056646147670579336
10 0.5040848763083534 0.38214087686682274 0.0475942518140986 0.045384421076327716
10 0.46326890335019544 0.3788011929001963 0.0363020877489479 0.034654960990419426
10 0.43263646224320274 0.37571049242522647 0.028380460344286363 0.031120525214770645
10 0.40830858483854116 0.3738547433297376 0.022638891832631992 0.023021420171816586
10 0.954667685749515 0.3862729404138055 0.09066462850096997 0.0742364393936934
10 0.8931027362898198 0.3828856688170794 0.04167163402808356 0.054431872455808696
10 0.8140873588851584 0.3838959701511319 0.12704613883740734 0.06514472241038013