7 0.8521067090102816 0.5140625 0.29578658197943675 0.1859375
7 0.6075428153473752 0.46484375 0.2141296604104042 0.121875
7 0.4422517443148052 0.44375 0.13363081833114682 0.09453125
7 0.33339268380557885 0.42578125 0.09586550782192065 0.0765625
7 0.25610214171220413 0.41328125 0.06544996572854575 0.0640625
7 0.20229460224966517 0.4015625 0.04909692363517095 0.0515625
7 0.15831708909548559 0.39765625 0.04096590521931955 0.04609375
7 0.12431381541796227 0.390625 0.03352513154179624 0.0390625
7 0.09513454963294672 0.3859375 0.029345865756780665 0.034375
10 0.9558650754600648 0.440625 0.08826984907987026 0.04921875
10 0.8094924522214303 0.43125 0.17989189732681155 0.04375
10 0.6461734048663837 0.4171875 0.14524388154179632 0.0390625
10 0.517229357511337 0.403125 0.11074007892507787 0.0234375
10 0.42766632857214193 0.39453125 0.0726863420792574 0.02734375
10 0.3568988022637827 0.38671875 0.06096759207925739 0.02734375
10 0.30736153384793113 0.38125 0.05449007892507769 0.0234375
10 0.25952327332458747 0.378125 0.0441973210325699 0.02109375
10 0.22179576017040786 0.37421875 0.038683068401734036 0.0203125