7 0.13319411866996528 0.7203457202626735 0.26638823733993056 0.42493355947465294
7 0.3783807321488458 0.5775595974681806 0.2733057812876824 0.31963854986371454
7 0.547221008386618 0.4869301961795567 0.11374252353634909 0.1609551893936933
7 0.6258766294050705 0.4469802255781989 0.06331831833114698 0.0975610747398008
7 0.6681474293909531 0.42996646596726046 0.04117800782192056 0.07848684814554918
7 0.6968184609609842 0.41911749717492486 0.028685713097709887 0.0645914444820761
7 0.9223142007199892 0.7063840445522486 0.09549013637994505 0.48945864767057934
7 0.916593363690642 0.5104098032586758 0.11215690770898093 0.200594221505869
10 0.21462061098921897 0.47398529737732353 0.18187860253201382 0.11389980495209713
10 0.35229491623677345 0.4504139213034703 0.1062569762518895 0.07255110866099876
10 0.4397417083301482 0.43336918419376913 0.07763144731269431 0.062483389868663156
10 0.4981002399001794 0.4209643594539683 0.05433816048099125 0.05035852611928178
10 0.5437767609468667 0.41233963195520545 0.041201123649288365 0.038765928878243726
10 0.5776890293627182 0.4051103081199158 0.03237986049510884 0.034409299525030156
10 0.6052147898860619 0.40055228290514516 0.025629331555913737 0.025488000904511133
10 0.023887008104269282 0.47698190185445083 0.047774016208538564 0.08041119629109836
10 0.06553066360593751 0.4662214642697798 0.04716269731269433 0.060886590343632994
10 0.15321267412928122 0.4585107835825136 0.14283921835938176 0.07213170680654776