7 0.8655160317691035 0.5505834469090111 0.26896793646179307 0.22069654399064847
7 0.6285672000276866 0.47911823092768274 0.22945456739571846 0.14722223257806794
7 0.45211532155777145 0.44320127386942404 0.1440084207272058 0.11198162697434615
7 0.3360700169619796 0.41574893486244174 0.10291305135658932 0.08943119813518904
7 0.2531376010151357 0.39547047842888305 0.0708119501845701 0.07378196473192852
7 0.19530531461794115 0.37864890871793266 0.05277334901255095 0.05919832386013528
7 0.14817999074381785 0.3711906836130419 0.04377908081395363 0.052297128424238615
7 0.11252309299557124 0.3607142022843739 0.036247183065707 0.043951832158504976
7 0.08097270434662326 0.3536587188811134 0.03125929441675905 0.03890913464801589
10 0.9764861337509234 0.48086478799058574 0.047027732498153084 0.05773091224241753
10 0.8442830351605769 0.46047866516542457 0.19206638648947952 0.06120129958972598
10 0.6698442396640837 0.4317113572773289 0.15504724784053164 0.05373141909089476
10 0.5321742589424151 0.4065076798880643 0.11805838756921397 0.034601988177145236
10 0.43626098164451915 0.38991033050811985 0.07841489666851231 0.03470780933798814
10 0.360710269121448 0.3756334203402947 0.06513364666851248 0.03370141639160247
10 0.3072348156976753 0.3661390985547519 0.05863332279438911 0.029321569710950436
10 0.25625330659837664 0.3591661255244536 0.04676437846991517 0.026089825934727705
10 0.21694048272425337 0.352299896270378 0.042026813695090495 0.024953378424238615