10 0.0351562 0.583594 0.0296875 0.142188 0.356937
4 0.0132813 0.667969 0.0265625 0.0421875 0.61609
10 0.0554687 0.585156 0.0296875 0.132812 0.743787
7 0.853906 0.496875 0.292188 0.99375 0.784432
10 0.0890625 0.58125 0.046875 0.15 0.855495
10 0.135937 0.578906 0.053125 0.185937 0.865521
4 0.0648438 0.678906 0.0671875 0.0671875 0.870767
4 0.164844 0.714844 0.129688 0.110937 0.8862
10 0.202344 0.570312 0.0953125 0.225 0.895511
4 0.463281 0.810156 0.470313 0.245312 0.907418
10 0.311719 0.557813 0.135937 0.303125 0.936983
10 0.586719 0.527344 0.432813 0.435937 0.939166
