6 0.0328125 0.2375 0.053125 0.084375 0.296978
3 0.961719 0.663281 0.0765625 0.264062 0.3271
4 0.984375 0.410156 0.03125 0.129688 0.388747
4 0.9625 0.647656 0.075 0.264062 0.515178
10 0.922656 0.127344 0.0578125 0.0515625 0.804856
4 0.742188 0.266406 0.078125 0.0453125 0.810836
3 0.7375 0.403906 0.109375 0.170312 0.823339
10 0.965625 0.135937 0.065625 0.0625 0.836402
3 0.705469 0.342187 0.0953125 0.128125 0.840452
4 0.854688 0.295312 0.075 0.084375 0.841649
3 0.78125 0.477344 0.14375 0.214062 0.844441
2 0.810938 0.182812 0.071875 0.109375 0.846054
2 0.86875 0.21875 0.09375 0.1375 0.853149
4 0.9375 0.35625 0.096875 0.115625 0.853831
4 0.938281 0.533594 0.123438 0.185937 0.854385
6 0.192969 0.705469 0.357812 0.567187 0.856239
3 0.703906 0.196875 0.0703125 0.10625 0.858493
6 0.532812 0.282031 0.1 0.0734375 0.867699
4 0.789062 0.321094 0.10625 0.0765625 0.87485
6 0.559375 0.852344 0.359375 0.292188 0.876472
6 0.532031 0.228906 0.0765625 0.0515625 0.876476
6 0.409375 0.271094 0.096875 0.123438 0.878207
3 0.919531 0.790625 0.160938 0.340625 0.879335
2 0.945312 0.267969 0.109375 0.173438 0.882827
6 0.313281 0.239844 0.101562 0.0984375 0.885529
3 0.85 0.613281 0.2125 0.351562 0.889646
10 0.0742188 0.317187 0.132812 0.15 0.899031
10 0.210938 0.225 0.09375 0.109375 0.900636
6 0.380469 0.334375 0.129688 0.165625 0.903199
1 0.292188 0.177344 0.06875 0.0859375 0.905821
4 0.867969 0.403125 0.142188 0.103125 0.90633
6 0.428906 0.229687 0.0734375 0.1 0.906452
6 0.135156 0.854688 0.229687 0.28125 0.908077
6 0.2625 0.29375 0.134375 0.134375 0.912775
10 0.153125 0.260938 0.1125 0.11875 0.913438
6 0.1 0.513281 0.190625 0.295312 0.914506
6 0.189063 0.378125 0.196875 0.18125 0.915488
6 0.539062 0.36875 0.1375 0.1125 0.915756
6 0.321875 0.447656 0.19375 0.267188 0.94111
6 0.542188 0.572656 0.25625 0.323438 0.94455
