10 0.015625 0.360156 0.03125 0.148438 0.337823
4 0.946875 0.625 0.1 0.10625 0.361375
10 0.986719 0.207031 0.0265625 0.0578125 0.377269
4 0.983594 0.503125 0.0328125 0.121875 0.541314
6 0.408594 0.283594 0.0890625 0.123438 0.761538
3 0.713281 0.44375 0.104687 0.16875 0.813221
4 0.728125 0.308594 0.075 0.0453125 0.820781
3 0.689062 0.385156 0.090625 0.132812 0.840259
2 0.797656 0.23125 0.0671875 0.10625 0.843551
4 0.932813 0.589844 0.134375 0.173438 0.855199
6 0.517969 0.260938 0.0765625 0.046875 0.856846
4 0.772656 0.365625 0.107813 0.078125 0.856984
10 0.910156 0.180469 0.0578125 0.0484375 0.859019
2 0.85625 0.264844 0.1 0.132812 0.859347
3 0.75625 0.519531 0.14375 0.220313 0.863024
6 0.421875 0.255469 0.075 0.101562 0.865903
10 0.147656 0.273438 0.107813 0.115625 0.86628
4 0.91875 0.4125 0.10625 0.11875 0.872279
10 0.951563 0.192969 0.06875 0.0546875 0.880159
4 0.836719 0.341406 0.0671875 0.0796875 0.883299
3 0.690625 0.234375 0.06875 0.103125 0.885397
1 0.284375 0.199219 0.06875 0.0796875 0.888346
2 0.935938 0.321875 0.128125 0.171875 0.888468
3 0.90625 0.832812 0.1875 0.334375 0.890829
6 0.0859375 0.521094 0.171875 0.289062 0.894282
6 0.51875 0.314063 0.09375 0.06875 0.898857
6 0.305469 0.2625 0.0984375 0.09375 0.898926
10 0.205469 0.236719 0.0890625 0.101562 0.902997
6 0.36875 0.358594 0.125 0.160938 0.906932
6 0.105469 0.859375 0.207813 0.28125 0.914411
6 0.520312 0.4 0.134375 0.10625 0.916005
4 0.844531 0.447656 0.142188 0.0984375 0.9175
3 0.817187 0.65625 0.209375 0.33125 0.918079
6 0.249219 0.310156 0.135937 0.135937 0.919589
10 0.0648438 0.319531 0.129688 0.139062 0.921983
6 0.175 0.389062 0.19375 0.165625 0.922068
6 0.172656 0.715625 0.342187 0.55625 0.924632
6 0.517969 0.871094 0.339063 0.254687 0.934255
6 0.517187 0.596875 0.24375 0.309375 0.938522
6 0.309375 0.465625 0.19375 0.265625 0.944367
