6 0.700781 0.191406 0.0796875 0.0921875 0.306695
3 0.3125 0.327344 0.071875 0.101562 0.360995
10 0.0414063 0.175781 0.0640625 0.0578125 0.459405
6 0.966406 0.226562 0.0484375 0.096875 0.508029
10 0.0242187 0.183594 0.0484375 0.0671875 0.778019
4 0.04375 0.582812 0.0875 0.178125 0.7848
3 0.277344 0.376563 0.0984375 0.1375 0.791408
4 0.0460938 0.409375 0.0921875 0.1375 0.796808
3 0.246875 0.436719 0.1125 0.182812 0.801698
10 0.0632813 0.167969 0.0609375 0.0484375 0.808997
2 0.0460938 0.311719 0.0921875 0.173438 0.809157
2 0.175 0.217969 0.075 0.114063 0.847084
2 0.114063 0.25625 0.103125 0.140625 0.853851
6 0.459375 0.250781 0.08125 0.0546875 0.854108
4 0.239844 0.301562 0.0859375 0.05625 0.855098
6 0.455469 0.303906 0.0984375 0.0765625 0.855367
6 0.58125 0.288281 0.09375 0.126563 0.857889
3 0.197656 0.511719 0.145313 0.210938 0.858271
4 0.1875 0.358594 0.1125 0.0765625 0.862378
6 0.5625 0.242969 0.078125 0.104687 0.865631
4 0.126563 0.332812 0.071875 0.084375 0.876845
6 0.679688 0.247656 0.103125 0.0984375 0.884847
3 0.285156 0.226562 0.0734375 0.1 0.895335
1 0.707031 0.184375 0.0703125 0.0875 0.900542
3 0.119531 0.65 0.214062 0.334375 0.901412
10 0.785156 0.225 0.0953125 0.10625 0.907494
6 0.44375 0.390625 0.140625 0.10625 0.916978
6 0.886719 0.507031 0.179688 0.301562 0.919379
6 0.735937 0.3 0.1375 0.134375 0.92072
6 0.610937 0.349219 0.128125 0.167187 0.921339
10 0.84375 0.2625 0.121875 0.125 0.922707
6 0.76875 0.703906 0.375 0.579687 0.923276
10 0.921094 0.307813 0.129688 0.146875 0.924738
6 0.832812 0.8625 0.21875 0.271875 0.925592
6 0.433594 0.6 0.267188 0.334375 0.926147
3 0.05625 0.8375 0.1125 0.325 0.926265
6 0.404687 0.870313 0.35 0.253125 0.92924
6 0.665625 0.459375 0.20625 0.275 0.936536
6 0.808594 0.377344 0.192188 0.173438 0.941519
4 0.104687 0.441406 0.153125 0.101562 0.948222
