1 0.0414063 0.184375 0.0828125 0.08125 0.297485
7 0.251563 0.103125 0.05625 0.053125 0.334911
7 0.0429688 0.183594 0.0859375 0.0796875 0.591928
10 0.0585938 0.7125 0.117188 0.421875 0.610381
3 0.0828125 0.9125 0.165625 0.175 0.654824
3 0.959375 0.438281 0.08125 0.273438 0.80522
10 0.127344 0.5375 0.254687 0.309375 0.825827
3 0.9 0.240625 0.096875 0.14375 0.83208
7 0.653906 0.18125 0.0984375 0.046875 0.836209
3 0.859375 0.197656 0.090625 0.117188 0.84915
7 0.10625 0.164062 0.109375 0.071875 0.851624
7 0.65625 0.216406 0.10625 0.0515625 0.85507
7 0.650781 0.264844 0.123438 0.0734375 0.865986
8 0.592969 0.608594 0.226562 0.582812 0.873234
1 0.0359375 0.338281 0.071875 0.239063 0.878193
3 0.789844 0.117969 0.0859375 0.0734375 0.878742
3 0.439063 0.45625 0.175 0.29375 0.880166
7 0.213281 0.119531 0.0796875 0.0578125 0.881902
10 0.8375 0.45 0.190625 0.14375 0.883401
3 0.198437 0.767187 0.3375 0.465625 0.885015
6 0.822656 0.389844 0.167187 0.107813 0.887843
3 0.544531 0.123438 0.0609375 0.059375 0.894645
6 0.804688 0.292969 0.140625 0.0921875 0.895073
3 0.336719 0.601562 0.264062 0.421875 0.900076
3 0.495313 0.332031 0.128125 0.192188 0.900236
10 0.2375 0.401563 0.228125 0.221875 0.903989
6 0.934375 0.09375 0.05625 0.084375 0.906109
6 0.215625 0.235938 0.096875 0.1375 0.914726
3 0.933594 0.320312 0.129688 0.20625 0.918353
10 0.339844 0.319531 0.151562 0.164062 0.922464
7 0.166406 0.139844 0.0921875 0.0640625 0.926682
1 0.257031 0.196094 0.126563 0.160938 0.928587
1 0.111719 0.25625 0.160938 0.159375 0.93311
