3 0.475781 0.267188 0.0890625 0.134375 0.713513
8 0.49375 0.660937 0.26875 0.64375 0.768925
7 0.0226563 0.142188 0.0453125 0.06875 0.769111
10 0.0609375 0.579687 0.121875 0.39375 0.785642
7 0.610937 0.178906 0.109375 0.0515625 0.831768
7 0.610937 0.21875 0.121875 0.0625 0.841526
1 0.04375 0.252344 0.0875 0.185937 0.853827
7 0.603125 0.270312 0.140625 0.08125 0.857166
6 0.779688 0.417969 0.196875 0.126563 0.859746
3 0.216406 0.646875 0.320312 0.46875 0.866669
3 0.771094 0.107813 0.101562 0.0875 0.866882
3 0.84375 0.202344 0.1 0.132812 0.874723
3 0.492188 0.111719 0.06875 0.0703125 0.874929
10 0.123438 0.421094 0.246875 0.248437 0.878358
3 0.886719 0.253125 0.117188 0.159375 0.878468
6 0.933594 0.08125 0.0703125 0.09375 0.880059
3 0.349219 0.482812 0.198437 0.340625 0.880544
7 0.114844 0.0984375 0.0890625 0.065625 0.891606
3 0.932813 0.466406 0.096875 0.282813 0.893977
10 0.7875 0.489062 0.228125 0.16875 0.901066
10 0.2375 0.327344 0.171875 0.182812 0.90542
7 0.0601562 0.121875 0.101562 0.075 0.906028
3 0.121094 0.790625 0.242188 0.41875 0.909954
6 0.767969 0.308594 0.154687 0.104687 0.910545
6 0.114063 0.230469 0.1125 0.154687 0.912424
3 0.420312 0.339844 0.153125 0.214062 0.917224
3 0.915625 0.34375 0.14375 0.24375 0.922554
1 0.1625 0.18125 0.15625 0.178125 0.943699
