10 0.867188 0.469531 0.1875 0.151562 0.286819
3 0.977344 0.496875 0.0453125 0.225 0.568535
7 0.0367187 0.154687 0.0734375 0.075 0.633845
10 0.142969 0.539844 0.248437 0.342187 0.800318
7 0.675781 0.254687 0.114063 0.05625 0.802471
7 0.674219 0.301562 0.132812 0.08125 0.821185
7 0.671094 0.217187 0.101562 0.053125 0.822531
6 0.957031 0.147656 0.0671875 0.0890625 0.829949
3 0.8125 0.161719 0.09375 0.0796875 0.834449
10 0.883594 0.520312 0.214062 0.153125 0.854614
3 0.460938 0.482812 0.18125 0.3125 0.854678
3 0.551562 0.139062 0.06875 0.06875 0.856917
3 0.953125 0.389844 0.09375 0.210938 0.8608
3 0.936719 0.310156 0.110937 0.145313 0.865798
3 0.889844 0.253125 0.0953125 0.125 0.868597
6 0.863281 0.454688 0.185937 0.128125 0.876363
7 0.0929687 0.14375 0.120312 0.078125 0.877412
7 0.158594 0.125 0.0953125 0.06875 0.880255
10 0.349219 0.335938 0.164062 0.18125 0.881369
3 0.221094 0.773438 0.370313 0.453125 0.893451
3 0.363281 0.630469 0.282813 0.439063 0.89758
1 0.040625 0.315625 0.065625 0.24375 0.898574
7 0.204688 0.10625 0.08125 0.059375 0.901698
10 0.246094 0.410937 0.229687 0.225 0.909962
6 0.834375 0.347656 0.15 0.104687 0.9132
1 0.1125 0.240625 0.16875 0.165625 0.913832
8 0.633594 0.654688 0.242188 0.603125 0.917315
6 0.215625 0.23125 0.096875 0.140625 0.918301
3 0.5125 0.358594 0.1375 0.195312 0.924535
1 0.258594 0.189844 0.139062 0.170312 0.925549
