4 0.98125 0.702344 0.034375 0.0203125 0.583377
4 0.9125 0.705469 0.034375 0.0234375 0.673746
4 0.946094 0.703906 0.0359375 0.0234375 0.690543
4 0.839063 0.707812 0.04375 0.03125 0.761773
4 0.877344 0.70625 0.0359375 0.028125 0.76513
4 0.79375 0.710938 0.05 0.03125 0.804414
3 0.673437 0.628125 0.071875 0.16875 0.829547
4 0.741406 0.716406 0.0640625 0.0421875 0.844218
3 0.826563 0.6625 0.053125 0.071875 0.848577
3 0.872656 0.66875 0.0390625 0.05625 0.874385
3 0.732031 0.642969 0.0546875 0.126563 0.877343
3 0.778906 0.659375 0.0484375 0.08125 0.890064
4 0.679688 0.729688 0.065625 0.059375 0.910631
8 0.373437 0.628906 0.615625 0.639063 0.916167
