3 0.907812 0.6375 0.046875 0.0625 0.365638
4 0.971875 0.670313 0.025 0.025 0.416694
4 0.949219 0.671875 0.0390625 0.025 0.621577
4 0.910156 0.675781 0.0390625 0.0265625 0.719733
4 0.825 0.685938 0.05 0.034375 0.79173
4 0.869531 0.682031 0.0390625 0.0296875 0.793246
3 0.760938 0.63125 0.0625 0.103125 0.801028
4 0.713281 0.702344 0.0671875 0.0515625 0.835501
3 0.864844 0.638281 0.0484375 0.0703125 0.841598
4 0.771875 0.692969 0.05625 0.0421875 0.847765
3 0.816406 0.633594 0.0609375 0.0890625 0.872296
4 0.642969 0.720312 0.0828125 0.075 0.882115
8 0.319531 0.607813 0.632812 0.696875 0.886931
3 0.6375 0.603906 0.090625 0.201562 0.89345
3 0.707031 0.621094 0.0640625 0.142188 0.895411
