4 0.0734375 0.710156 0.03125 0.0234375 0.287499
4 0.0796875 0.704687 0.0375 0.021875 0.625764
4 0.146875 0.714063 0.040625 0.025 0.627994
4 0.225 0.722656 0.04375 0.0328125 0.700121
4 0.114844 0.709375 0.0296875 0.021875 0.710359
4 0.184375 0.71875 0.040625 0.028125 0.808968
3 0.185937 0.676562 0.046875 0.0625 0.829948
3 0.282813 0.677344 0.053125 0.0859375 0.835111
3 0.229687 0.675 0.05625 0.075 0.850097
4 0.320312 0.738281 0.0625 0.0453125 0.855992
3 0.324219 0.663281 0.0609375 0.123438 0.864934
4 0.271094 0.730469 0.0546875 0.0390625 0.875284
3 0.385938 0.653125 0.075 0.16875 0.877822
4 0.384375 0.755469 0.075 0.0640625 0.900799
8 0.689844 0.674219 0.620313 0.632812 0.947982
