1 0.139844 0.0257812 0.270312 0.0421875 0.400338
6 0.657812 0.0507812 0.465625 0.0890625 0.743539
2 0.246875 0.403125 0.2375 0.159375 0.808559
6 0.923437 0.034375 0.14375 0.065625 0.816643
6 0.226562 0.075 0.453125 0.096875 0.86489
4 0.470313 0.527344 0.75625 0.242188 0.878873
2 0.688281 0.335156 0.210938 0.151562 0.890394
2 0.198437 0.820312 0.396875 0.34375 0.897013
6 0.0679687 0.2625 0.135937 0.30625 0.910604
6 0.823438 0.153125 0.328125 0.228125 0.910941
6 0.41875 0.215625 0.61875 0.290625 0.944534
