6 0.416406 0.0570313 0.379687 0.0671875 0.305662
1 0.472656 0.0335938 0.489062 0.0578125 0.564272
1 0.847656 0.0320312 0.289062 0.0515625 0.761597
1 0.126563 0.0367187 0.25 0.0671875 0.824789
6 0.335938 0.096875 0.475 0.084375 0.831776
6 0.767187 0.096875 0.459375 0.090625 0.839499
4 0.485156 0.55625 0.704687 0.2125 0.855779
2 0.282031 0.373437 0.198437 0.1375 0.875353
6 0.0679687 0.0921875 0.135937 0.075 0.899391
2 0.7125 0.414844 0.225 0.154687 0.903081
6 0.160938 0.205469 0.31875 0.207813 0.917239
6 0.920313 0.267188 0.159375 0.3 0.91766
6 0.567187 0.244531 0.609375 0.273438 0.92659
2 0.767187 0.832812 0.465625 0.334375 0.930072
