3 0.978125 0.489062 0.04375 0.525 0.276835
4 0.617188 0.729688 0.05625 0.09375 0.383537
4 0.973437 0.821875 0.053125 0.184375 0.468708
3 0.486719 0.564844 0.0390625 0.217187 0.843666
4 0.684375 0.74375 0.071875 0.103125 0.878741
4 0.777344 0.770312 0.101562 0.134375 0.882187
4 0.884375 0.795313 0.11875 0.153125 0.89518
3 0.776563 0.528125 0.103125 0.3875 0.900456
4 0.413281 0.735937 0.239063 0.165625 0.907659
3 0.890625 0.514063 0.14375 0.44375 0.918272
3 0.617969 0.55 0.0703125 0.290625 0.923416
3 0.547656 0.559375 0.0921875 0.246875 0.923711
8 0.128125 0.596875 0.240625 0.45625 0.93585
3 0.688281 0.538281 0.0890625 0.332812 0.94467
