3 0.438281 0.5625 0.0703125 0.225 0.250776
3 0.471094 0.561719 0.0421875 0.226562 0.682024
4 0.628125 0.735937 0.06875 0.10625 0.753855
4 0.703125 0.75 0.084375 0.121875 0.797746
4 0.396094 0.754687 0.301562 0.184375 0.863466
3 0.500781 0.561719 0.0484375 0.239063 0.868406
4 0.907812 0.795313 0.109375 0.175 0.876141
3 0.71875 0.522656 0.1 0.376563 0.885842
3 0.928125 0.4875 0.134375 0.5125 0.889138
4 0.803906 0.777344 0.110937 0.151562 0.893733
3 0.81875 0.507031 0.128125 0.435937 0.89912
8 0.121094 0.610156 0.242188 0.510938 0.917954
3 0.564062 0.557813 0.10625 0.271875 0.927113
3 0.645312 0.539844 0.0875 0.329688 0.938131
