10 0.942969 0.774219 0.0921875 0.439063 0.311575
1 0.0203125 0.0296875 0.040625 0.059375 0.369618
6 0.954687 0.388281 0.071875 0.182812 0.381386
10 0.936719 0.6 0.114063 0.271875 0.547964
10 0.30625 0.0328125 0.159375 0.034375 0.582643
10 0.3125 0.882812 0.575 0.234375 0.757567
1 0.128125 0.0257812 0.24375 0.0484375 0.781919
6 0.269531 0.796094 0.532812 0.404687 0.790995
1 0.894531 0.08125 0.142188 0.046875 0.828444
10 0.716406 0.766406 0.529688 0.467187 0.88485
1 0.749219 0.0867188 0.167187 0.0765625 0.886474
6 0.632031 0.617188 0.504687 0.2875 0.894759
6 0.865625 0.46875 0.253125 0.203125 0.904411
6 0.117969 0.410156 0.235938 0.454688 0.913642
6 0.311719 0.317969 0.364062 0.351562 0.923052
7 0.841406 0.207031 0.135937 0.239063 0.924698
1 0.571875 0.09375 0.203125 0.1125 0.926831
1 0.364844 0.110156 0.232812 0.179688 0.930627
1 0.133594 0.126563 0.264062 0.215625 0.930967
7 0.546875 0.275781 0.24375 0.314063 0.939691
7 0.707812 0.236719 0.16875 0.279687 0.944517
