1 0.251563 0.0414063 0.125 0.0734375 0.251154
10 0.121094 0.0078125 0.0734375 0.015625 0.279568
10 0.0773437 0.00859375 0.0796875 0.0171875 0.358662
10 0.192969 0.0125 0.0859375 0.021875 0.367176
6 0.0351562 0.367969 0.0671875 0.160938 0.63361
7 0.0554687 0.178125 0.104687 0.209375 0.649458
1 0.025 0.046875 0.05 0.09375 0.6546
10 0.674219 0.8875 0.639063 0.209375 0.70572
1 0.345313 0.0179687 0.1375 0.0359375 0.765832
10 0.254687 0.015625 0.08125 0.03125 0.769334
6 0.722656 0.799219 0.554688 0.364062 0.783124
10 0.460938 0.0242187 0.11875 0.0484375 0.822768
6 0.340625 0.623438 0.50625 0.30625 0.846497
1 0.96875 0.0492188 0.059375 0.0953125 0.862955
10 0.572656 0.0320312 0.132812 0.0640625 0.877994
1 0.103906 0.053125 0.151562 0.103125 0.886406
1 0.854688 0.040625 0.225 0.078125 0.887755
1 0.621094 0.129688 0.229687 0.171875 0.89819
10 0.692969 0.034375 0.142188 0.06875 0.89903
10 0.267969 0.772656 0.517187 0.445312 0.899716
6 0.869531 0.436719 0.260938 0.439063 0.900822
1 0.247656 0.0726563 0.167187 0.114063 0.907332
6 0.125 0.453906 0.24375 0.201562 0.914853
6 0.664844 0.341406 0.357812 0.339063 0.92283
7 0.158594 0.205469 0.139062 0.239063 0.932306
1 0.417188 0.0945313 0.2 0.139062 0.932448
7 0.284375 0.242188 0.1625 0.271875 0.936363
7 0.440625 0.288281 0.240625 0.310937 0.939942
1 0.857813 0.157813 0.284375 0.221875 0.941227
