10 0.132031 0.0164062 0.123438 0.0265625 0.274602
10 0.182812 0.009375 0.109375 0.01875 0.28677
10 0.954687 0.547656 0.090625 0.285937 0.288715
10 0.03125 0.0164062 0.053125 0.0265625 0.289314
10 0.907812 0.00859375 0.084375 0.0171875 0.304779
1 0.811719 0.0171875 0.0703125 0.03125 0.368089
10 0.263281 0.0140625 0.120312 0.021875 0.417811
10 0.828125 0.0164062 0.096875 0.0296875 0.42055
7 0.9875 0.153125 0.025 0.19375 0.458883
10 0.963281 0.735156 0.0734375 0.529688 0.505087
6 0.971094 0.357031 0.0578125 0.139062 0.596635
7 0.942969 0.175781 0.0953125 0.189063 0.604216
6 0.292188 0.796094 0.5625 0.376563 0.608301
10 0.371094 0.88125 0.626562 0.2375 0.666201
1 0.976562 0.0429688 0.046875 0.0859375 0.733832
10 0.752344 0.0234375 0.0703125 0.046875 0.852171
10 0.760156 0.757812 0.476562 0.484375 0.855172
1 0.6625 0.028125 0.11875 0.053125 0.866483
10 0.560156 0.0359375 0.107813 0.065625 0.876741
10 0.346094 0.0523437 0.139062 0.0828125 0.880406
6 0.671875 0.588281 0.45625 0.257812 0.891245
10 0.455469 0.04375 0.123438 0.084375 0.892
6 0.884375 0.436719 0.23125 0.179688 0.911349
1 0.0601562 0.0695312 0.120312 0.110937 0.911449
6 0.364844 0.341406 0.335938 0.304688 0.91246
1 0.601562 0.107031 0.1875 0.123438 0.916936
6 0.150781 0.4375 0.298438 0.403125 0.920116
7 0.727344 0.242969 0.148438 0.239063 0.923226
7 0.845312 0.20625 0.11875 0.221875 0.929682
1 0.891406 0.0570313 0.135937 0.0984375 0.931359
1 0.198437 0.0617188 0.196875 0.0921875 0.9321
1 0.760156 0.0804688 0.157813 0.107813 0.932649
1 0.411719 0.146875 0.207813 0.1625 0.933102
7 0.578906 0.284375 0.220313 0.2875 0.935262
1 0.161719 0.185937 0.320312 0.203125 0.941151
