3 0.85 0.439844 0.103125 0.0765625 0.392655
3 0.796875 0.414844 0.08125 0.0546875 0.478407
3 0.792969 0.390625 0.0796875 0.05 0.608124
3 0.975781 0.407813 0.0484375 0.065625 0.721276
3 0.98125 0.49375 0.0375 0.06875 0.788785
3 0.0484375 0.338281 0.04375 0.0421875 0.791989
3 0.867969 0.425 0.0734375 0.059375 0.82281
3 0.789062 0.366406 0.075 0.0546875 0.837271
4 0.202344 0.653125 0.298438 0.121875 0.843037
4 0.941406 0.734375 0.117188 0.11875 0.848659
3 0.824219 0.471094 0.110937 0.0640625 0.849375
4 0.628906 0.702344 0.535937 0.139062 0.850112
3 0.34375 0.325 0.134375 0.059375 0.855957
3 0.920313 0.479688 0.09375 0.065625 0.856437
3 0.582031 0.353125 0.0765625 0.05 0.875682
3 0.185937 0.389062 0.071875 0.0625 0.882241
3 0.517187 0.422656 0.2 0.104687 0.886277
3 0.577344 0.307031 0.0703125 0.0546875 0.892002
3 0.317969 0.401563 0.198437 0.109375 0.907347
3 0.128125 0.510156 0.1875 0.185937 0.914731
3 0.816406 0.592969 0.367188 0.192188 0.923507
3 0.425 0.548437 0.425 0.190625 0.927438
