3 0.4125 0.289844 0.065625 0.0421875 0.811882
3 0.935156 0.305469 0.0765625 0.0421875 0.827559
3 0.0351562 0.31875 0.0703125 0.05625 0.845425
3 0.227344 0.296094 0.0609375 0.0421875 0.846832
3 0.635938 0.275 0.115625 0.04375 0.85268
3 0.0367187 0.402344 0.0734375 0.0578125 0.853438
3 0.195312 0.385938 0.090625 0.05 0.873246
3 0.15625 0.339063 0.065625 0.05 0.876637
3 0.415625 0.250781 0.059375 0.0421875 0.878118
4 0.08125 0.619531 0.1625 0.0953125 0.880608
4 0.404687 0.608594 0.48125 0.110937 0.881625
3 0.111719 0.389062 0.0734375 0.05 0.885863
3 0.190625 0.497656 0.38125 0.151562 0.892478
4 0.830469 0.589844 0.335938 0.107813 0.897418
3 0.667969 0.35 0.179688 0.0875 0.903987
3 0.572656 0.482812 0.379687 0.153125 0.910958
3 0.484375 0.358594 0.184375 0.0796875 0.912286
3 0.885156 0.459375 0.229687 0.1625 0.934098
3 0.789844 0.345313 0.0703125 0.05 0.944695
