3 0.0695312 0.367188 0.0828125 0.04375 0.387042
3 0.697656 0.38125 0.129688 0.053125 0.53441
3 0.0132813 0.365625 0.0265625 0.05625 0.536143
3 0.586719 0.280469 0.0609375 0.0515625 0.561619
3 0.773438 0.300781 0.065625 0.0421875 0.776489
3 0.5875 0.263281 0.059375 0.0390625 0.784722
3 0.5875 0.301562 0.0625 0.040625 0.815201
3 0.071875 0.3375 0.08125 0.0375 0.841837
3 0.964844 0.397656 0.0671875 0.0609375 0.860491
3 0.889063 0.390625 0.075 0.053125 0.861421
3 0.964063 0.317969 0.071875 0.0578125 0.866066
4 0.917188 0.617969 0.165625 0.0890625 0.881677
3 0.517187 0.372656 0.184375 0.0828125 0.883853
4 0.172656 0.614844 0.342187 0.0984375 0.887851
3 0.367188 0.295312 0.11875 0.04375 0.89032
4 0.595312 0.617969 0.471875 0.0984375 0.892965
3 0.809375 0.5 0.378125 0.15 0.893808
3 0.804688 0.389062 0.090625 0.053125 0.898697
3 0.213281 0.371875 0.0671875 0.046875 0.903785
3 0.842188 0.339063 0.06875 0.05 0.905125
3 0.334375 0.370313 0.175 0.084375 0.922066
3 0.426562 0.499219 0.38125 0.145313 0.925703
3 0.1125 0.4875 0.225 0.15625 0.939472
