6 0.0226563 0.614062 0.0453125 0.571875 0.391297
3 0.686719 0.0617188 0.214062 0.0359375 0.397652
3 0.0234375 0.0265625 0.046875 0.05 0.64555
4 0.195312 0.302344 0.3875 0.189063 0.649919
10 0.985156 0.128906 0.0296875 0.142188 0.683206
3 0.4625 0.0460938 0.26875 0.0515625 0.687329
3 0.179688 0.0359375 0.31875 0.06875 0.770551
6 0.510938 0.535156 0.91875 0.782812 0.783001
4 0.675781 0.232812 0.610937 0.159375 0.783832
10 0.04375 0.164062 0.0875 0.296875 0.866461
6 0.914062 0.38125 0.1625 0.425 0.881839
10 0.222656 0.155469 0.354688 0.289062 0.902282
10 0.733594 0.1375 0.248437 0.19375 0.902991
10 0.51875 0.141406 0.2875 0.217187 0.910416
10 0.908594 0.136719 0.179688 0.164062 0.911081
