3 0.963281 0.025 0.0734375 0.046875 0.463359
3 0.816406 0.0273438 0.339063 0.0546875 0.600726
6 0.960156 0.582031 0.0796875 0.620313 0.716057
3 0.552344 0.0289063 0.257812 0.0546875 0.726594
4 0.339844 0.216406 0.592188 0.157813 0.746015
6 0.51875 0.488281 0.89375 0.704687 0.756395
3 0.367188 0.0320312 0.20625 0.0609375 0.769216
4 0.803906 0.264844 0.392188 0.170312 0.792148
1 0.142188 0.0359375 0.284375 0.071875 0.831866
10 0.308594 0.120312 0.267188 0.2 0.862825
10 0.486719 0.123438 0.270312 0.209375 0.873931
10 0.942969 0.134375 0.110937 0.26875 0.874002
10 0.129688 0.125 0.16875 0.16875 0.874692
6 0.110937 0.357031 0.203125 0.395312 0.89465
10 0.040625 0.121094 0.075 0.148438 0.900205
10 0.758594 0.133594 0.317187 0.254687 0.908044
