10 0.729688 0.0148437 0.16875 0.0234375 0.327428
10 0.18125 0.0195312 0.159375 0.0359375 0.376915
4 0.971094 0.225781 0.0578125 0.107813 0.377973
10 0.115625 0.021875 0.2125 0.040625 0.570233
10 0.353906 0.0210938 0.204688 0.0359375 0.667282
10 0.55625 0.0164062 0.184375 0.0296875 0.682478
4 0.207813 0.340625 0.415625 0.159375 0.751449
4 0.672656 0.247656 0.560938 0.142188 0.769637
1 0.858594 0.046875 0.282813 0.08125 0.795616
3 0.638281 0.059375 0.198437 0.075 0.798457
10 0.964063 0.129688 0.071875 0.140625 0.847197
3 0.203125 0.0789063 0.290625 0.0984375 0.850272
6 0.527344 0.529688 0.860937 0.675 0.854042
10 0.704687 0.154687 0.228125 0.175 0.871168
3 0.04375 0.0835937 0.0875 0.101562 0.872642
3 0.464063 0.06875 0.225 0.078125 0.884657
6 0.0609375 0.667188 0.11875 0.615625 0.889557
10 0.246875 0.2125 0.3 0.253125 0.890275
10 0.517969 0.173438 0.257812 0.196875 0.892117
6 0.908594 0.357812 0.182812 0.375 0.892358
10 0.875781 0.136719 0.173438 0.157813 0.899549
10 0.0640625 0.228906 0.128125 0.270312 0.908702
