6 0.950781 0.574219 0.0984375 0.348437 0.600608
6 0.847656 0.148438 0.142188 0.0875 0.795987
10 0.699219 0.225 0.210938 0.11875 0.807147
10 0.959375 0.182812 0.08125 0.08125 0.837448
6 0.353906 0.826563 0.635938 0.34375 0.84544
10 0.214062 0.296094 0.3625 0.164062 0.86337
6 0.0625 0.635938 0.10625 0.459375 0.864099
6 0.296094 0.529688 0.542188 0.48125 0.878627
6 0.933594 0.1375 0.132812 0.0875 0.880135
6 0.649219 0.167969 0.139062 0.0953125 0.881107
10 0.860937 0.197656 0.1625 0.0953125 0.88158
10 0.503906 0.253906 0.245312 0.142188 0.883406
6 0.0453125 0.229687 0.084375 0.11875 0.883867
6 0.370313 0.197656 0.2 0.120312 0.892111
6 0.185937 0.213281 0.240625 0.148438 0.913724
6 0.75 0.158594 0.11875 0.0890625 0.918127
6 0.735937 0.725 0.528125 0.546875 0.919512
1 0.734375 0.471094 0.53125 0.426562 0.93239
6 0.520312 0.184375 0.16875 0.1 0.933428
