6 0.532812 0.226562 0.21875 0.153125 0.266696
6 0.0679687 0.172656 0.110937 0.0890625 0.274995
6 0.977344 0.616406 0.0453125 0.417188 0.366829
6 0.0179687 0.128906 0.0203125 0.0734375 0.769606
6 0.0976562 0.584375 0.135937 0.375 0.790932
6 0.978125 0.239844 0.04375 0.117188 0.801787
6 0.174219 0.153125 0.148438 0.0875 0.820675
6 0.344531 0.719531 0.610937 0.542188 0.852356
10 0.828906 0.298438 0.339063 0.16875 0.873596
10 0.059375 0.179688 0.090625 0.08125 0.88168
6 0.753125 0.528906 0.49375 0.470313 0.883535
10 0.164062 0.2 0.171875 0.09375 0.886447
6 0.0828125 0.139844 0.1375 0.0859375 0.892774
6 0.671094 0.199219 0.204688 0.120312 0.899195
10 0.541406 0.258594 0.260938 0.135937 0.90054
1 0.317969 0.479688 0.579687 0.45 0.901096
6 0.274219 0.1625 0.123438 0.0875 0.907415
10 0.3375 0.226562 0.21875 0.11875 0.90827
6 0.717188 0.822656 0.565625 0.304688 0.908843
6 0.38125 0.171875 0.146875 0.090625 0.911515
6 0.8625 0.213281 0.25 0.148438 0.911809
6 0.514063 0.184375 0.175 0.1 0.938803
