10 0.0367187 0.363281 0.0734375 0.142188 0.650661
6 0.0601562 0.678906 0.117188 0.520312 0.781741
10 0.882031 0.197656 0.110937 0.0671875 0.846055
6 0.902344 0.541406 0.195312 0.339063 0.852904
6 0.759375 0.175781 0.121875 0.0765625 0.862589
10 0.772656 0.214844 0.148438 0.0796875 0.87708
6 0.0492188 0.283594 0.0984375 0.104687 0.882484
10 0.634375 0.245312 0.175 0.09375 0.88377
6 0.8375 0.160938 0.11875 0.075 0.884508
6 0.475 0.217969 0.146875 0.0890625 0.884691
6 0.971094 0.146094 0.0546875 0.0703125 0.886314
1 0.935938 0.323438 0.128125 0.2 0.889472
6 0.296875 0.820312 0.59375 0.359375 0.894138
10 0.2125 0.328125 0.303125 0.1375 0.895994
6 0.91875 0.148438 0.06875 0.065625 0.900824
6 0.34375 0.238281 0.171875 0.101562 0.901528
6 0.586719 0.202344 0.120312 0.0828125 0.90909
10 0.459375 0.28125 0.215625 0.115625 0.912673
6 0.185156 0.257812 0.207813 0.125 0.917384
1 0.685938 0.460938 0.53125 0.390625 0.918581
6 0.675781 0.189063 0.104687 0.071875 0.920506
6 0.273438 0.527344 0.4875 0.420312 0.928925
6 0.692187 0.713281 0.53125 0.535937 0.935916
