10 0.871094 0.441406 0.0296875 0.0546875 0.348696
10 0.359375 0.396875 0.021875 0.01875 0.489863
7 0.280469 0.411719 0.0203125 0.0421875 0.49837
10 0.373437 0.401563 0.021875 0.021875 0.531368
7 0.298438 0.417188 0.021875 0.05 0.589811
10 0.388281 0.403125 0.0265625 0.028125 0.669498
10 0.411719 0.40625 0.0265625 0.03125 0.707786
7 0.309375 0.420312 0.025 0.053125 0.726113
10 0.857813 0.4375 0.040625 0.053125 0.73147
10 0.726562 0.450781 0.153125 0.0921875 0.786061
10 0.442969 0.410156 0.0390625 0.0328125 0.801796
10 0.482031 0.415625 0.0453125 0.040625 0.836557
10 0.607813 0.435156 0.090625 0.0609375 0.852509
10 0.782031 0.432813 0.129688 0.065625 0.874507
7 0.334375 0.429688 0.03125 0.065625 0.875043
10 0.936719 0.445312 0.126563 0.071875 0.877129
10 0.534375 0.425781 0.0625 0.0484375 0.880139
7 0.0835937 0.511719 0.154687 0.167187 0.886101
7 0.434375 0.475 0.09375 0.14375 0.898267
7 0.370313 0.444531 0.05 0.0859375 0.902536
7 0.578125 0.550781 0.225 0.270312 0.923701
7 0.0640625 0.738281 0.128125 0.514063 0.927124
7 0.835938 0.66875 0.328125 0.3625 0.928619
