6 0.627344 0.278125 0.0359375 0.034375 0.269496
6 0.324219 0.342969 0.104687 0.0265625 0.28629
6 0.346094 0.314063 0.0671875 0.015625 0.316868
6 0.611719 0.276563 0.0390625 0.0375 0.37947
6 0.25 0.290625 0.06875 0.0375 0.379731
6 0.342187 0.322656 0.078125 0.0203125 0.591578
6 0.334375 0.332031 0.096875 0.0234375 0.669062
6 0.270312 0.283594 0.03125 0.0265625 0.669244
6 0.640625 0.28125 0.034375 0.040625 0.729279
6 0.667969 0.284375 0.0421875 0.040625 0.730867
6 0.703906 0.289844 0.0515625 0.0515625 0.770376
6 0.315625 0.360156 0.125 0.0390625 0.831474
6 0.739844 0.301562 0.0546875 0.0625 0.846245
6 0.967188 0.342969 0.065625 0.110937 0.855319
6 0.197656 0.703125 0.323438 0.403125 0.857101
6 0.883594 0.327344 0.107813 0.101562 0.879514
10 0.245312 0.295312 0.059375 0.040625 0.881028
6 0.799219 0.314063 0.0734375 0.08125 0.881725
10 0.0617188 0.338281 0.0828125 0.0734375 0.887106
6 0.2875 0.403906 0.1625 0.0703125 0.892701
6 0.15625 0.925781 0.171875 0.145313 0.899575
6 0.2375 0.494531 0.24375 0.167187 0.911882
