10 0.180469 0.467969 0.120312 0.0796875 0.279777
10 0.640625 0.388281 0.01875 0.0171875 0.359675
10 0.0429688 0.475 0.0640625 0.071875 0.390566
10 0.613281 0.396094 0.0265625 0.0234375 0.4032
7 0.728906 0.402344 0.0234375 0.0484375 0.413137
10 0.628906 0.392188 0.0234375 0.021875 0.596235
10 0.221094 0.478125 0.164062 0.115625 0.666411
10 0.575 0.403906 0.03125 0.0328125 0.746309
10 0.603906 0.399219 0.0265625 0.0265625 0.771627
10 0.353125 0.447656 0.10625 0.0734375 0.794621
10 0.0226563 0.479688 0.0453125 0.08125 0.817671
10 0.0679687 0.464844 0.0484375 0.0578125 0.828033
7 0.698438 0.41875 0.03125 0.065625 0.834074
10 0.146094 0.45625 0.126563 0.065625 0.847761
10 0.545313 0.409375 0.0375 0.034375 0.852041
7 0.930469 0.717969 0.104687 0.454688 0.857993
10 0.495313 0.419531 0.053125 0.0453125 0.86618
7 0.667188 0.428125 0.0375 0.075 0.887464
7 0.130469 0.717969 0.260938 0.414062 0.893944
7 0.544531 0.485938 0.110937 0.1625 0.902478
7 0.916406 0.505469 0.107813 0.185937 0.904598
10 0.440625 0.43125 0.075 0.0625 0.906048
7 0.627344 0.445312 0.0609375 0.1 0.908324
7 0.374219 0.586719 0.279687 0.323438 0.914036
