7 0.084375 0.382031 0.03125 0.0328125 0.278722
7 0.059375 0.379687 0.021875 0.028125 0.280832
10 0.207813 0.375 0.034375 0.015625 0.283483
10 0.349219 0.396875 0.0796875 0.0375 0.306789
7 0.0671875 0.38125 0.021875 0.028125 0.395129
10 0.194531 0.374219 0.0328125 0.0171875 0.483538
10 0.224219 0.374219 0.0421875 0.0203125 0.681196
10 0.261719 0.377344 0.0453125 0.0203125 0.700969
10 0.360156 0.3875 0.0578125 0.025 0.713839
10 0.425 0.39375 0.078125 0.025 0.754594
10 0.961719 0.442969 0.0765625 0.0484375 0.761625
10 0.514844 0.403125 0.107813 0.028125 0.765407
10 0.646094 0.416406 0.142188 0.0359375 0.784514
7 0.127344 0.391406 0.0328125 0.0390625 0.806246
10 0.308594 0.382812 0.0515625 0.021875 0.848838
7 0.096875 0.383594 0.03125 0.0359375 0.849261
7 0.202344 0.402344 0.0515625 0.0515625 0.851551
10 0.816406 0.428906 0.173438 0.0453125 0.873896
7 0.160156 0.396875 0.0390625 0.04375 0.877616
7 0.257812 0.411719 0.065625 0.0640625 0.883173
7 0.335938 0.425 0.090625 0.071875 0.888046
7 0.441406 0.444531 0.129688 0.0921875 0.916274
7 0.853125 0.515625 0.29375 0.171875 0.917659
7 0.610156 0.466406 0.214062 0.123438 0.921602
