7 0.888281 0.335156 0.201562 0.0953125 0.341768
10 0.992969 0.292969 0.0140625 0.0390625 0.472042
7 0.9875 0.352344 0.025 0.107813 0.620855
10 0.911719 0.305469 0.157813 0.0546875 0.860455
10 0.742188 0.321875 0.1875 0.05 0.862282
10 0.0742188 0.388281 0.107813 0.0671875 0.887797
7 0.85625 0.373437 0.240625 0.1375 0.892021
10 0.539062 0.344531 0.215625 0.0640625 0.892184
10 0.285937 0.364062 0.275 0.059375 0.893564
7 0.228125 0.4625 0.409375 0.18125 0.903548
7 0.585938 0.4125 0.309375 0.1625 0.930601
