10 0.214062 0.364062 0.053125 0.040625 0.250502
7 0.0546875 0.347656 0.025 0.0359375 0.260913
10 0.982031 0.501562 0.0359375 0.071875 0.413406
10 0.182812 0.349219 0.040625 0.0203125 0.602148
10 0.975 0.483594 0.05 0.0609375 0.693589
7 0.0398437 0.34375 0.0265625 0.034375 0.731998
7 0.0820312 0.353125 0.0328125 0.0375 0.75527
10 0.436719 0.392188 0.0796875 0.03125 0.783125
10 0.846875 0.464844 0.2 0.0609375 0.786359
7 0.111719 0.359375 0.0390625 0.046875 0.800251
10 0.533594 0.407031 0.114063 0.0390625 0.806765
10 0.667969 0.432031 0.151562 0.0421875 0.818682
7 0.196094 0.378906 0.0546875 0.0546875 0.827331
10 0.221094 0.353906 0.0453125 0.0234375 0.841136
10 0.361719 0.378125 0.0640625 0.03125 0.846572
10 0.258594 0.360156 0.0453125 0.0234375 0.847564
10 0.309375 0.367969 0.05625 0.0234375 0.858452
7 0.863281 0.557813 0.273438 0.2125 0.871686
7 0.148438 0.367969 0.04375 0.0484375 0.884197
7 0.451562 0.442187 0.15 0.103125 0.896869
7 0.630469 0.484375 0.226562 0.153125 0.900146
7 0.252344 0.394531 0.0734375 0.0734375 0.911861
7 0.336719 0.413281 0.104687 0.0859375 0.914568
