7 0.3125 0.392188 0.021875 0.046875 0.331343
10 0.38125 0.369531 0.021875 0.0203125 0.522906
10 0.434375 0.374219 0.03125 0.0328125 0.704602
10 0.407031 0.371875 0.0265625 0.028125 0.729476
10 0.894531 0.375781 0.0421875 0.0546875 0.750708
10 0.466406 0.376563 0.0359375 0.034375 0.767609
7 0.325781 0.397656 0.0234375 0.0515625 0.778675
7 0.101562 0.504687 0.15 0.175 0.815177
10 0.81875 0.377344 0.125 0.0703125 0.822143
10 0.559375 0.385156 0.06875 0.0546875 0.823164
10 0.954687 0.38125 0.090625 0.075 0.832285
10 0.757031 0.398438 0.154687 0.084375 0.83809
10 0.635938 0.391406 0.09375 0.0671875 0.862109
10 0.504687 0.379687 0.05 0.040625 0.868403
7 0.354688 0.405469 0.0375 0.0671875 0.894579
7 0.391406 0.416406 0.0515625 0.0890625 0.898503
7 0.460156 0.440625 0.0984375 0.1375 0.899055
7 0.0875 0.730469 0.14375 0.526563 0.911929
7 0.853906 0.616406 0.289062 0.370313 0.912249
7 0.611719 0.50625 0.245312 0.28125 0.919528
