10 0.825 0.371875 0.034375 0.015625 0.252931
10 0.683594 0.385156 0.0765625 0.0265625 0.362163
7 0.908594 0.385938 0.0546875 0.0375 0.39716
7 0.963281 0.378125 0.0265625 0.03125 0.48133
7 0.985937 0.374219 0.021875 0.0296875 0.522978
7 0.942187 0.38125 0.021875 0.03125 0.555105
10 0.503125 0.4 0.10625 0.025 0.661362
10 0.7125 0.379687 0.053125 0.021875 0.784388
10 0.377344 0.414062 0.139062 0.034375 0.795225
10 0.755469 0.375781 0.0453125 0.0203125 0.801391
10 0.792969 0.373437 0.0390625 0.01875 0.809331
10 0.589844 0.391406 0.0765625 0.0234375 0.817401
7 0.892187 0.3875 0.034375 0.040625 0.834541
10 0.0585938 0.438281 0.114063 0.0484375 0.844384
7 0.816406 0.400781 0.0484375 0.0515625 0.848337
10 0.660937 0.385156 0.05625 0.0234375 0.857812
10 0.215625 0.428125 0.175 0.04375 0.862243
7 0.760938 0.408594 0.0625 0.0640625 0.882154
7 0.922656 0.382812 0.0328125 0.034375 0.888917
7 0.858594 0.39375 0.0390625 0.04375 0.899257
7 0.685938 0.423438 0.090625 0.075 0.903025
7 0.579687 0.439844 0.13125 0.0921875 0.912055
7 0.417969 0.463281 0.204688 0.114063 0.929178
7 0.1625 0.514063 0.325 0.171875 0.936083
