6 0.848437 0.263281 0.084375 0.0703125 0.277786
6 0.688281 0.23125 0.0390625 0.0375 0.35603
6 0.321094 0.239844 0.0703125 0.0359375 0.428293
6 0.345313 0.227344 0.028125 0.0234375 0.651602
6 0.714844 0.235938 0.0328125 0.0375 0.670785
6 0.774219 0.248437 0.0484375 0.05 0.67563
6 0.402344 0.277344 0.0921875 0.0234375 0.708423
6 0.741406 0.241406 0.0421875 0.0421875 0.732795
6 0.383594 0.305469 0.123438 0.0421875 0.805424
6 0.875 0.271875 0.071875 0.078125 0.823808
6 0.355469 0.351562 0.157813 0.075 0.825477
10 0.31875 0.242188 0.0625 0.0375 0.82682
6 0.816406 0.258594 0.0578125 0.0609375 0.834671
10 0.0296875 0.310937 0.05 0.121875 0.836498
6 0.149219 0.895312 0.257812 0.2 0.852529
6 0.950781 0.289062 0.0921875 0.1 0.874453
10 0.1 0.283594 0.140625 0.0859375 0.875152
6 0.298438 0.44375 0.25 0.16875 0.881146
6 0.208594 0.646875 0.389062 0.390625 0.923737
