6 0.547656 0.267969 0.0265625 0.0203125 0.288732
6 0.561719 0.269531 0.0328125 0.0265625 0.317613
6 0.817187 0.336719 0.1125 0.0671875 0.412117
6 0.383594 0.320312 0.0859375 0.025 0.466273
6 0.638281 0.289062 0.0296875 0.03125 0.475233
6 0.522656 0.2625 0.0296875 0.021875 0.489373
6 0.658594 0.29375 0.0296875 0.034375 0.619315
6 0.390625 0.311719 0.078125 0.0203125 0.69034
6 0.370313 0.339063 0.10625 0.034375 0.693931
6 0.678906 0.3 0.0359375 0.0375 0.706497
6 0.340625 0.271875 0.025 0.025 0.724103
6 0.708594 0.308594 0.0421875 0.0453125 0.766789
6 0.740625 0.315625 0.05 0.053125 0.794982
6 0.791406 0.329688 0.0609375 0.065625 0.837901
10 0.317187 0.280469 0.053125 0.0359375 0.840807
6 0.95 0.367969 0.090625 0.0984375 0.860714
6 0.348437 0.375 0.134375 0.0625 0.861629
6 0.296875 0.453906 0.215625 0.142188 0.863785
6 0.8625 0.346875 0.096875 0.08125 0.876079
10 0.0476562 0.328906 0.0953125 0.0984375 0.897818
10 0.133594 0.307813 0.117188 0.071875 0.913198
6 0.141406 0.873438 0.282813 0.253125 0.937369
6 0.196094 0.617188 0.392188 0.328125 0.947328
